in s,C1 in V,C3 in V
-7.4000E-08,7.99327321816E-03,4.412112900336E-05
-7.3800E-08,8.26730231289E-03,4.400580663514E-05
-7.3600E-08,8.00152613316E-03,4.105933088158E-05
-7.3400E-08,7.82807359006E-03,4.255931264070E-05
-7.3200E-08,8.05548673030E-03,4.572233439703E-05
-7.3000E-08,8.20518263150E-03,4.552969102097E-05
-7.2800E-08,8.10630504507E-03,4.375557492767E-05
-7.2600E-08,7.96056912746E-03,4.487965058815E-05
-7.2400E-08,7.99094677437E-03,4.577212401946E-05
-7.2200E-08,7.94783794787E-03,4.597418274079E-05
-7.2000E-08,7.90078753140E-03,4.110524196458E-05
-7.1800E-08,7.92701241095E-03,4.198078581412E-05
-7.1600E-08,7.83442288171E-03,4.608302468714E-05
-7.1400E-08,7.88274967577E-03,4.078538388294E-05
-7.1200E-08,7.91205816436E-03,3.962787229848E-05
-7.1000E-08,7.92104146909E-03,4.060243338627E-05
-7.0800E-08,8.01362913567E-03,4.147288448457E-05
-7.0600E-08,8.23443151545E-03,3.813618187141E-05
-7.0400E-08,8.16959027666E-03,4.446146910359E-05
-7.0200E-08,7.94197829906E-03,4.989854305331E-05
-7.0000E-08,8.05285341572E-03,4.260915776995E-05
-6.9800E-08,8.05301080923E-03,4.201635875088E-05
-6.9600E-08,7.91639510076E-03,4.356723333058E-05
-6.9400E-08,7.95692276675E-03,4.145807803889E-05
-6.9200E-08,8.02369021345E-03,4.621041285154E-05
-6.9000E-08,8.01792462822E-03,4.981188302208E-05
-6.8800E-08,7.88322907407E-03,5.105273116660E-05
-6.8600E-08,7.94904610608E-03,5.004441499059E-05
-6.8400E-08,7.92657515500E-03,4.651222427656E-05
-6.8200E-08,7.89656654466E-03,4.297496162635E-05
-6.8000E-08,7.91873923968E-03,4.407961683628E-05
-6.7800E-08,7.94965682086E-03,5.067772011553E-05
-6.7600E-08,7.92596350890E-03,4.681000451837E-05
-6.7400E-08,8.07195600588E-03,4.592207570840E-05
-6.7200E-08,8.02176284138E-03,4.712025298086E-05
-6.7000E-08,7.95467245858E-03,4.717196452711E-05
-6.6800E-08,7.96970097814E-03,4.109401570913E-05
-6.6600E-08,8.04042491596E-03,3.527178683598E-05
-6.6400E-08,8.07141327765E-03,3.992262741831E-05
-6.6200E-08,8.00697949249E-03,4.365272771847E-05
-6.6000E-08,7.95250806492E-03,4.321384912637E-05
-6.5800E-08,7.86697726231E-03,4.705469942000E-05
-6.5600E-08,7.81312935520E-03,4.953414074425E-05
-6.5400E-08,7.90142944548E-03,5.300286634174E-05
-6.5200E-08,7.95699913520E-03,5.275253055897E-05
-6.5000E-08,7.98440167215E-03,5.124255757128E-05
-6.4800E-08,7.93339150492E-03,4.341628251877E-05
-6.4600E-08,7.99868653063E-03,4.393774832879E-05
-6.4400E-08,7.97169633675E-03,4.889298140351E-05
-6.4200E-08,7.86043984350E-03,5.448695927207E-05
-6.4000E-08,7.88201509509E-03,4.733594556619E-05
-6.3800E-08,7.85619836766E-03,4.196398112272E-05
-6.3600E-08,7.93326810468E-03,4.829534635228E-05
-6.3400E-08,7.95286871958E-03,5.775996086468E-05
-6.3200E-08,7.94094592798E-03,5.187828418148E-05
-6.3000E-08,7.97557576094E-03,4.628007391748E-05
-6.2800E-08,8.00262509379E-03,4.308646790032E-05
-6.2600E-08,8.03005324211E-03,4.371212002170E-05
-6.2400E-08,8.09137175325E-03,4.392326798570E-05
-6.2200E-08,8.12499762047E-03,4.717521861476E-05
-6.2000E-08,8.10825383756E-03,4.656960445736E-05
-6.1800E-08,8.02395913284E-03,4.364347889368E-05
-6.1600E-08,7.84886932466E-03,4.688380084281E-05
-6.1400E-08,7.95374276582E-03,4.651946791728E-05
-6.1200E-08,7.99266902264E-03,4.369376113918E-05
-6.1000E-08,8.06723140646E-03,4.197110681143E-05
-6.0800E-08,8.07408570778E-03,4.519518607576E-05
-6.0600E-08,8.16450525541E-03,4.605749154744E-05
-6.0400E-08,8.29662989359E-03,4.816670928430E-05
-6.0200E-08,8.33759691100E-03,4.567405733560E-05
-6.0000E-08,8.12405419070E-03,4.388664735761E-05
-5.9800E-08,7.92133111041E-03,4.349171629456E-05
-5.9600E-08,7.86477677990E-03,4.602189779562E-05
-5.9400E-08,7.99362758640E-03,5.312749997993E-05
-5.9200E-08,7.94639463071E-03,5.381740125176E-05
-5.9000E-08,7.98075507861E-03,4.860025228281E-05
-5.8800E-08,7.84861297812E-03,4.385090096202E-05
-5.8600E-08,7.83716259990E-03,4.090235064086E-05
-5.8400E-08,7.84665813204E-03,4.378475070280E-05
-5.8200E-08,7.83131668810E-03,4.763401721884E-05
-5.8000E-08,7.65208645258E-03,4.937133228686E-05
-5.7800E-08,7.78490329627E-03,4.951952163410E-05
-5.7600E-08,8.11726228800E-03,5.025602782425E-05
-5.7400E-08,8.16798560787E-03,4.643681825419E-05
-5.7200E-08,8.02648348268E-03,4.575520137605E-05
-5.7000E-08,8.02628324833E-03,4.878555488121E-05
-5.6800E-08,8.08336447459E-03,4.930109533761E-05
-5.6600E-08,8.05452188011E-03,4.783848354873E-05
-5.6400E-08,7.95743406284E-03,4.445447524358E-05
-5.6200E-08,7.86875352729E-03,4.475890242775E-05
-5.6000E-08,7.86890556570E-03,4.602842678596E-05
-5.5800E-08,7.86328689661E-03,4.699527242501E-05
-5.5600E-08,7.84725301433E-03,4.374479966518E-05
-5.5400E-08,8.15449540038E-03,4.316000056733E-05
-5.5200E-08,8.17709580529E-03,4.603823067900E-05
-5.5000E-08,8.07344751898E-03,4.391592720803E-05
-5.4800E-08,8.03067187313E-03,4.349887667504E-05
-5.4600E-08,8.08951749001E-03,4.530913465005E-05
-5.4400E-08,8.14986183774E-03,4.736407364999E-05
-5.4200E-08,8.05007341783E-03,4.211523722206E-05
-5.4000E-08,8.04737397935E-03,3.979457317200E-05
-5.3800E-08,8.08280824218E-03,3.995262191911E-05
-5.3600E-08,8.17209041212E-03,3.717994497438E-05
-5.3400E-08,8.12831010204E-03,3.896908954066E-05
-5.3200E-08,8.01534416620E-03,4.216940494534E-05
-5.3000E-08,8.00389332231E-03,4.214181805309E-05
-5.2800E-08,7.95839658473E-03,3.613018601482E-05
-5.2600E-08,8.03034055512E-03,3.434578728211E-05
-5.2400E-08,8.19786057342E-03,4.132926751208E-05
-5.2200E-08,7.99095795024E-03,4.547065257375E-05
-5.2000E-08,7.98853441607E-03,4.269510315080E-05
-5.1800E-08,8.05867581163E-03,3.847708397825E-05
-5.1600E-08,8.12544093002E-03,3.768051246461E-05
-5.1400E-08,8.14318658318E-03,3.833093450685E-05
-5.1200E-08,8.10608944390E-03,3.806454337482E-05
-5.1000E-08,7.97915809322E-03,3.374882525113E-05
-5.0800E-08,7.94450218324E-03,3.652734428924E-05
-5.0600E-08,7.95811835211E-03,3.610740046297E-05
-5.0400E-08,7.98932371195E-03,3.587839317788E-05
-5.0200E-08,7.85089378711E-03,3.579684671295E-05
-5.0000E-08,7.95384334866E-03,3.586336470489E-05
-4.9800E-08,8.07391155045E-03,3.328894426395E-05
-4.9600E-08,8.04850576911E-03,3.181100565289E-05
-4.9400E-08,8.05675169919E-03,3.569524840732E-05
-4.9200E-08,8.06488540489E-03,3.419110363629E-05
-4.9000E-08,8.09333637822E-03,3.443352275808E-05
-4.8800E-08,8.04563915823E-03,3.850826493744E-05
-4.8600E-08,7.97736925539E-03,3.824793098775E-05
-4.8400E-08,7.82005187590E-03,3.266699722317E-05
-4.8200E-08,7.82527356874E-03,3.248248559703E-05
-4.8000E-08,7.80271716881E-03,2.955491685589E-05
-4.7800E-08,7.95870136004E-03,3.054071113747E-05
-4.7600E-08,8.07441213634E-03,3.228624121566E-05
-4.7400E-08,7.92606851552E-03,3.285703177844E-05
-4.7200E-08,7.86729787011E-03,3.254395246786E-05
-4.7000E-08,7.96689909417E-03,3.139065246378E-05
-4.6800E-08,7.94247702230E-03,3.147147040163E-05
-4.6600E-08,8.00703979563E-03,3.129384856020E-05
-4.6400E-08,7.95732905622E-03,3.106547266525E-05
-4.6200E-08,8.01270316820E-03,2.912161669974E-05
-4.6000E-08,8.07841170113E-03,2.685731983092E-05
-4.5800E-08,7.94660068583E-03,2.829017302301E-05
-4.5600E-08,8.09423114639E-03,3.205730331410E-05
-4.5400E-08,8.18936667871E-03,3.580618573633E-05
-4.5200E-08,8.09082250576E-03,3.579049811979E-05
-4.5000E-08,7.99892797600E-03,2.802084002924E-05
-4.4800E-08,7.97202439513E-03,2.753428801243E-05
-4.4600E-08,7.92252413463E-03,3.486324966234E-05
-4.4400E-08,7.94828102458E-03,3.531246640068E-05
-4.4200E-08,7.90422853548E-03,2.900973575470E-05
-4.4000E-08,7.95625384431E-03,2.719958879334E-05
-4.3800E-08,7.96308113728E-03,2.525109800790E-05
-4.3600E-08,7.98576931935E-03,2.551465829183E-05
-4.3400E-08,7.86152204033E-03,2.817314381991E-05
-4.3200E-08,7.79247471597E-03,2.807286380139E-05
-4.3000E-08,7.82459789421E-03,2.539733767789E-05
-4.2800E-08,8.08073302265E-03,2.226083430742E-05
-4.2600E-08,8.16990017425E-03,2.203489377443E-05
-4.2400E-08,8.07732508052E-03,2.483186189365E-05
-4.2200E-08,7.97922421712E-03,2.724576353376E-05
-4.2000E-08,8.03994109388E-03,2.549654919003E-05
-4.1800E-08,8.15718412865E-03,2.745132612345E-05
-4.1600E-08,8.03980977740E-03,2.653700381797E-05
-4.1400E-08,7.98236696515E-03,2.745222810936E-05
-4.1200E-08,7.91035873350E-03,2.784439076950E-05
-4.1000E-08,7.91499020066E-03,2.421758173314E-05
-4.0800E-08,8.09087186586E-03,2.166387227644E-05
-4.0600E-08,8.23269413318E-03,2.372613123898E-05
-4.0400E-08,8.06138898712E-03,2.480953427312E-05
-4.0200E-08,7.81021664385E-03,2.318346876000E-05
-4.0000E-08,7.80385640915E-03,2.240951627773E-05
-3.9800E-08,7.91246515233E-03,2.287693925482E-05
-3.9600E-08,7.97626005020E-03,1.804157316965E-05
-3.9400E-08,8.03920534905E-03,1.623248083797E-05
-3.9200E-08,7.97269774135E-03,2.115745575447E-05
-3.9000E-08,7.89697353262E-03,2.117344865855E-05
-3.8800E-08,7.97041320708E-03,1.833095800412E-05
-3.8600E-08,8.00386328716E-03,2.167441857327E-05
-3.8400E-08,8.01408571657E-03,2.316152274889E-05
-3.8200E-08,8.02718057763E-03,2.502555296105E-05
-3.8000E-08,8.04592344444E-03,2.331950211246E-05
-3.7800E-08,8.11941760126E-03,1.654548382667E-05
-3.7600E-08,8.08994333725E-03,1.571924391483E-05
-3.7400E-08,8.03255058359E-03,1.967449377571E-05
-3.7200E-08,7.92267943267E-03,2.272995718103E-05
-3.7000E-08,7.97553454991E-03,2.083645284456E-05
-3.6800E-08,7.97003648709E-03,2.069876816404E-05
-3.6600E-08,7.75248419028E-03,1.855771032442E-05
-3.6400E-08,7.86845177878E-03,2.027389810701E-05
-3.6200E-08,8.10771460179E-03,2.087276124675E-05
-3.6000E-08,7.96254539397E-03,1.921377324779E-05
-3.5800E-08,7.76811201591E-03,1.380212142412E-05
-3.5600E-08,7.88187167141E-03,1.237234192249E-05
-3.5400E-08,8.14203011338E-03,1.862704528776E-05
-3.5200E-08,8.17534910981E-03,2.137354382594E-05
-3.5000E-08,7.88805984426E-03,1.597643479054E-05
-3.4800E-08,7.90295960847E-03,1.236492482294E-05
-3.4600E-08,7.98425429035E-03,1.196393657756E-05
-3.4400E-08,8.04726338480E-03,1.198764493038E-05
-3.4200E-08,7.99072861206E-03,1.758446752374E-05
-3.4000E-08,8.04278884549E-03,1.669619179611E-05
-3.3800E-08,8.04974070284E-03,1.508836027515E-05
-3.3600E-08,7.99968909938E-03,1.815285741632E-05
-3.3400E-08,7.92773558292E-03,2.093945963588E-05
-3.3200E-08,7.82701933291E-03,1.611763721612E-05
-3.3000E-08,7.82405376900E-03,9.558652372106E-06
-3.2800E-08,7.93720573652E-03,1.602101370972E-05
-3.2600E-08,7.99365948420E-03,2.117879119050E-05
-3.2400E-08,8.09538016561E-03,1.934879360069E-05
-3.2200E-08,8.09618785512E-03,1.402428055462E-05
-3.2000E-08,7.92127918918E-03,1.465912599397E-05
-3.1800E-08,7.60705723893E-03,1.245182769653E-05
-3.1600E-08,7.69444207195E-03,6.542515552609E-06
-3.1400E-08,7.94745866675E-03,6.164854050620E-06
-3.1200E-08,8.15608446952E-03,6.102360303521E-06
-3.1000E-08,8.09703652281E-03,1.097181451787E-05
-3.0800E-08,8.00371730234E-03,9.590194125665E-06
-3.0600E-08,8.14033510629E-03,7.415402012883E-06
-3.0400E-08,8.12057011295E-03,7.081132971688E-06
-3.0200E-08,8.00216292497E-03,1.272356829886E-05
-3.0000E-08,7.90026412811E-03,1.138037944493E-05
-2.9800E-08,7.93556940276E-03,9.911398247821E-06
-2.9600E-08,7.98133948352E-03,8.108071687638E-06
-2.9400E-08,8.02747929934E-03,9.894038488164E-06
-2.9200E-08,8.00414873753E-03,9.051881994127E-06
-2.9000E-08,8.05858826730E-03,8.976517601875E-06
-2.8800E-08,8.08840269688E-03,9.991799884482E-06
-2.8600E-08,7.97134243417E-03,1.512800602522E-05
-2.8400E-08,7.84537896048E-03,1.984943741281E-05
-2.8200E-08,7.97052054200E-03,1.270033869241E-05
-2.8000E-08,8.03702861536E-03,7.231660543948E-06
-2.7800E-08,7.97642256599E-03,1.335174598080E-05
-2.7600E-08,7.87316939328E-03,1.377196734120E-05
-2.7400E-08,7.98531786073E-03,9.472401703714E-06
-2.7200E-08,7.90982624981E-03,8.862527397468E-06
-2.7000E-08,7.89577119518E-03,7.377095364972E-06
-2.6800E-08,7.85621582996E-03,8.182520217269E-06
-2.6600E-08,7.85454527009E-03,1.214347340447E-05
-2.6400E-08,8.00933504011E-03,1.615461170022E-05
-2.6200E-08,8.03502440918E-03,1.619376482722E-05
-2.6000E-08,7.96302898321E-03,1.102308894788E-05
-2.5800E-08,7.82090776134E-03,7.568621666176E-06
-2.5600E-08,7.77707762550E-03,1.325072355849E-05
-2.5400E-08,7.76353246998E-03,1.095448251162E-05
-2.5200E-08,7.91885681916E-03,7.500480099587E-06
-2.5000E-08,7.91799325030E-03,1.075796059613E-05
-2.4800E-08,7.89953886066E-03,1.167902698089E-05
-2.4600E-08,7.89730438497E-03,7.435162442743E-06
-2.4400E-08,7.81551423948E-03,6.507414423866E-06
-2.4200E-08,7.96715846751E-03,8.877354658215E-06
-2.4000E-08,8.16612040158E-03,1.512398178038E-05
-2.3800E-08,8.04249431472E-03,1.380918466766E-05
-2.3600E-08,7.90039521176E-03,1.686486316193E-05
-2.3400E-08,8.10303447302E-03,1.670331748482E-05
-2.3200E-08,8.08825554792E-03,1.439335237537E-05
-2.3000E-08,7.92832790408E-03,1.049594756496E-05
-2.2800E-08,7.83717819955E-03,1.650951540378E-05
-2.2600E-08,7.96868117992E-03,1.807573068236E-05
-2.2400E-08,7.98614231404E-03,1.290532539879E-05
-2.2200E-08,7.95691508334E-03,5.551455060957E-06
-2.2000E-08,7.89349341299E-03,7.488483686938E-06
-2.1800E-08,7.90011511650E-03,8.296073305427E-06
-2.1600E-08,8.02794565912E-03,5.711342471657E-06
-2.1400E-08,8.02297146525E-03,8.831499082042E-06
-2.1200E-08,7.93650445063E-03,1.567834232282E-05
-2.1000E-08,7.88661396596E-03,1.716197732185E-05
-2.0800E-08,7.84141082782E-03,1.434762862791E-05
-2.0600E-08,8.02354585845E-03,9.649600305601E-06
-2.0400E-08,8.14023126382E-03,1.352655778919E-05
-2.0200E-08,8.11905554961E-03,1.118184540701E-05
-2.0000E-08,8.05246808100E-03,1.060270106700E-05
-1.9800E-08,8.09096243698E-03,1.282062198315E-05
-1.9600E-08,8.09787913691E-03,8.534586134373E-06
-1.9400E-08,8.10135459993E-03,8.120532969950E-06
-1.9200E-08,8.04794790689E-03,1.123371653539E-05
-1.9000E-08,7.97388541046E-03,1.424353945349E-05
-1.8800E-08,7.86669530440E-03,1.732121252735E-05
-1.8600E-08,7.92363333981E-03,2.346914851387E-05
-1.8400E-08,8.12336361501E-03,2.304461843614E-05
-1.8200E-08,8.10938073788E-03,1.522811258492E-05
-1.8000E-08,8.00688729156E-03,1.541417840217E-05
-1.7800E-08,8.08836078737E-03,1.821003638488E-05
-1.7600E-08,8.16927409265E-03,1.504336505477E-05
-1.7400E-08,8.10600609053E-03,1.687843458076E-05
-1.7200E-08,8.01184076350E-03,2.072876960319E-05
-1.7000E-08,7.94206584338E-03,1.920256086905E-05
-1.6800E-08,7.77778636198E-03,1.875644557458E-05
-1.6600E-08,7.82636670861E-03,1.413151280303E-05
-1.6400E-08,7.82298950013E-03,1.308301662375E-05
-1.6200E-08,7.88726682309E-03,1.777613953036E-05
-1.6000E-08,7.99608464818E-03,2.310251899344E-05
-1.5800E-08,7.99000474159E-03,2.274248090853E-05
-1.5600E-08,7.99276820850E-03,1.825948602800E-05
-1.5400E-08,8.05664785672E-03,1.908134090063E-05
-1.5200E-08,8.12005718704E-03,2.140510639456E-05
-1.5000E-08,7.87462155800E-03,2.228824774083E-05
-1.4800E-08,7.72029675078E-03,1.812044836861E-05
-1.4600E-08,7.93235820252E-03,1.993376615737E-05
-1.4400E-08,7.98712090123E-03,2.263448544127E-05
-1.4200E-08,7.87404227536E-03,2.138924531919E-05
-1.4000E-08,7.78649935033E-03,2.071675931384E-05
-1.3800E-08,7.91099878494E-03,1.948551385012E-05
-1.3600E-08,8.01400725264E-03,1.704912500736E-05
-1.3400E-08,7.91686588433E-03,1.678723686655E-05
-1.3200E-08,7.86032272968E-03,1.876615233068E-05
-1.3000E-08,7.85952784587E-03,2.157216806245E-05
-1.2800E-08,7.93604065198E-03,1.952145451960E-05
-1.2600E-08,7.86303590517E-03,2.268564191927E-05
-1.2400E-08,7.67564774956E-03,1.945211261791E-05
-1.2200E-08,7.82482467126E-03,1.668277302106E-05
-1.2000E-08,7.97544444445E-03,2.128133311216E-05
-1.1800E-08,7.83642918337E-03,2.435459339340E-05
-1.1600E-08,7.79935649130E-03,1.900435293373E-05
-1.1400E-08,8.07347545866E-03,1.385034297873E-05
-1.1200E-08,8.13854952808E-03,1.796731197555E-05
-1.1000E-08,8.03371403832E-03,2.123161287327E-05
-1.0800E-08,8.11566437129E-03,2.510262418818E-05
-1.0600E-08,8.23651628103E-03,2.264156256151E-05
-1.0400E-08,8.16941961180E-03,2.282324333955E-05
-1.0200E-08,7.97012379859E-03,2.379331531283E-05
-1.0000E-08,7.83252112102E-03,2.416784067918E-05
-9.8000E-09,7.95134391170E-03,2.582845919114E-05
-9.6000E-09,8.13791296910E-03,2.570304845740E-05
-9.4000E-09,8.13182281796E-03,2.609723711666E-05
-9.2000E-09,8.03963515442E-03,2.926095964667E-05
-9.0000E-09,8.08242360596E-03,3.148539567646E-05
-8.8000E-09,8.07029755320E-03,2.594401746337E-05
-8.6000E-09,8.02563970443E-03,2.333305271622E-05
-8.4000E-09,8.07051175740E-03,2.010759271961E-05
-8.2000E-09,7.95169921126E-03,2.456589400117E-05
-8.0000E-09,7.84652984235E-03,3.198636559118E-05
-7.8000E-09,7.99254492391E-03,3.051196554024E-05
-7.6000E-09,7.95095578302E-03,2.575541220885E-05
-7.4000E-09,7.96226576436E-03,2.682289172244E-05
-7.2000E-09,7.93964161072E-03,2.700881877263E-05
-7.0000E-09,7.98163285013E-03,2.667359223869E-05
-6.8000E-09,7.98169780988E-03,2.566186933127E-05
-6.6000E-09,8.00620602909E-03,2.408843816538E-05
-6.4000E-09,7.99722994212E-03,2.489810235147E-05
-6.2000E-09,7.94773294125E-03,3.310383593944E-05
-6.0000E-09,7.86412043031E-03,3.507967077476E-05
-5.8000E-09,8.20278470870E-03,3.317173466366E-05
-5.6000E-09,8.56715744827E-03,2.711736930814E-05
-5.4000E-09,8.26639124658E-03,2.520893363562E-05
-5.2000E-09,8.10551528353E-03,2.907578193863E-05
-5.0000E-09,8.28405540902E-03,2.958325309028E-05
-4.8000E-09,8.18990265485E-03,2.958128953633E-05
-4.6000E-09,7.94120204169E-03,2.740161282290E-05
-4.4000E-09,8.08777149301E-03,2.834896168952E-05
-4.2000E-09,8.11856893357E-03,3.180547578540E-05
-4.0000E-09,8.10250943992E-03,2.780781177153E-05
-3.8000E-09,7.95466407668E-03,2.335562317912E-05
-3.6000E-09,8.05364760104E-03,2.733136199695E-05
-3.4000E-09,8.15943327267E-03,2.878213695530E-05
-3.2000E-09,7.92954677250E-03,2.684103551601E-05
-3.0000E-09,8.05735612754E-03,2.612418568042E-05
-2.8000E-09,8.35055882577E-03,3.273828186375E-05
-2.6000E-09,8.08401104528E-03,3.413323083241E-05
-2.4000E-09,7.89656770881E-03,3.245287964401E-05
-2.2000E-09,7.83778612036E-03,3.264761840273E-05
-2.0000E-09,7.96824625227E-03,4.080123801996E-05
-1.8000E-09,8.10295414645E-03,4.053291108739E-05
-1.6000E-09,7.99655613024E-03,3.597920744960E-05
-1.4000E-09,7.90044364054E-03,3.171163455863E-05
-1.2000E-09,7.90724811610E-03,3.041464126018E-05
-1.0000E-09,7.76864636224E-03,2.912373289746E-05
-8.0000E-10,7.89637236390E-03,2.119930790086E-05
-6.0000E-10,7.96195703093E-03,2.243806066272E-05
-4.0000E-10,-2.09461709950E-03,2.988219203707E-05
-2.0000E-10,-1.26573730013E-01,3.503219162394E-05
2.8791E-22,-4.48102431824E-01,3.517033423577E-05
2.0000E-10,-6.89600177561E-01,3.050669933018E-05
4.0000E-10,-7.18139728284E-01,3.061202353147E-05
6.0000E-10,-6.99811354964E-01,3.280364808906E-05
8.0000E-10,-7.05073284903E-01,3.461022873689E-05
1.0000E-09,-6.54450037037E-01,3.563361501601E-05
1.2000E-09,-4.00563838878E-01,3.225787028950E-05
1.4000E-09,-9.10386184556E-02,2.840396201518E-05
1.6000E-09,6.27754304092E-03,2.716434195918E-05
1.8000E-09,-1.68203157233E-02,2.999263674301E-05
2.0000E-09,-1.52920451807E-02,3.185881090630E-05
2.2000E-09,-6.50630121585E-03,2.592169678119E-05
2.4000E-09,-9.72041625995E-03,2.604911269900E-05
2.6000E-09,-1.10328537272E-02,2.863095717785E-05
2.8000E-09,-7.52481909935E-03,3.362036858034E-05
3.0000E-09,-3.88037225697E-03,3.643273984362E-05
3.2000E-09,-1.88937223051E-03,3.385573833529E-05
3.4000E-09,-2.01140996170E-06,2.618470199686E-05
3.6000E-09,6.30527050233E-04,2.836031283532E-05
3.8000E-09,1.00992435124E-03,3.342671220471E-05
4.0000E-09,2.04063487705E-03,3.343480232452E-05
4.2000E-09,2.27845880669E-03,3.045568161924E-05
4.4000E-09,2.49821181875E-03,2.763003034797E-05
4.6000E-09,3.04905280005E-03,2.766652608570E-05
4.8000E-09,3.84649030398E-03,2.726605821681E-05
5.0000E-09,4.80360818561E-03,3.208281563875E-05
5.2000E-09,5.77095897403E-03,3.991829788592E-05
5.4000E-09,5.98954713438E-03,3.537215011474E-05
5.6000E-09,6.71465812717E-03,3.197871258762E-05
5.8000E-09,6.89376403112E-03,3.532255476621E-05
6.0000E-09,7.54785725381E-03,3.027399390285E-05
6.2000E-09,8.49885494914E-03,2.777089279425E-05
6.4000E-09,8.84030807298E-03,3.421671309788E-05
6.6000E-09,9.73835076671E-03,3.613010969293E-05
6.8000E-09,1.01298417570E-02,3.442843694520E-05
7.0000E-09,8.25459069107E-03,3.304245232885E-05
7.2000E-09,8.01199513022E-03,3.464906269965E-05
7.4000E-09,7.44572679046E-03,3.314210095723E-05
7.6000E-09,6.83681575116E-03,2.803640969378E-05
7.8000E-09,7.26430282462E-03,2.954633411300E-05
8.0000E-09,6.40019240323E-03,3.221800945048E-05
8.2000E-09,8.11666531023E-03,3.540326862876E-05
8.4000E-09,9.81015969533E-03,4.167981392984E-05
8.6000E-09,9.98059591744E-03,4.083341116366E-05
8.8000E-09,9.36686970759E-03,3.471039080341E-05
9.0000E-09,9.56441044342E-03,2.859963051323E-05
9.2000E-09,1.00408266438E-02,2.851031309274E-05
9.4000E-09,9.07170145307E-03,3.051510861424E-05
9.6000E-09,8.10411876533E-03,2.895676142816E-05
9.8000E-09,7.94367167633E-03,3.274595568237E-05
1.0000E-08,7.86837284919E-03,3.617631912511E-05
1.0200E-08,7.80336606782E-03,3.667096126173E-05
1.0400E-08,7.64121838380E-03,3.709476281238E-05
1.0600E-08,7.66948658507E-03,3.039603259694E-05
1.0800E-08,7.90942647960E-03,2.669116708730E-05
1.1000E-08,8.18830450531E-03,3.071088812594E-05
1.1200E-08,8.21317757014E-03,3.185741629732E-05
1.1400E-08,8.25108100194E-03,3.016452750471E-05
1.1600E-08,8.42843718361E-03,3.203038944211E-05
1.1800E-08,8.93571950961E-03,3.269720681292E-05
1.2000E-08,9.02452065144E-03,2.905221235287E-05
1.2200E-08,9.09522526432E-03,3.428333516513E-05
1.2400E-08,8.95104255993E-03,3.788903079276E-05
1.2600E-08,9.03355727438E-03,3.526835235116E-05
1.2800E-08,8.70336360764E-03,2.873723887187E-05
1.3000E-08,8.45540036913E-03,2.812190408167E-05
1.3200E-08,8.33923371043E-03,2.991530879681E-05
1.3400E-08,8.06665724609E-03,2.758934384492E-05
1.3600E-08,7.85982866306E-03,2.580350887310E-05
1.3800E-08,7.80987228732E-03,3.397577878368E-05
1.4000E-08,7.54400576930E-03,3.124867988099E-05
1.4200E-08,7.49421889428E-03,3.092594238278E-05
1.4400E-08,7.47512096073E-03,3.615014765692E-05
1.4600E-08,7.37095858436E-03,3.358578782809E-05
1.4800E-08,7.12652692106E-03,3.222889572662E-05
1.5000E-08,7.26747304667E-03,2.673446934950E-05
1.5200E-08,7.52259326633E-03,2.779314409290E-05
1.5400E-08,7.36425189767E-03,3.383164143470E-05
1.5600E-08,7.22778473515E-03,3.376950154361E-05
1.5800E-08,7.39916112739E-03,3.436130837817E-05
1.6000E-08,7.32578455005E-03,3.226159618516E-05
1.6200E-08,7.07996288780E-03,3.536048674305E-05
1.6400E-08,7.16793026309E-03,4.047754996736E-05
1.6600E-08,7.49896444846E-03,3.490606623982E-05
1.6800E-08,7.49236300122E-03,3.161788353045E-05
1.7000E-08,7.17647607904E-03,3.684447559808E-05
1.7200E-08,6.97861170862E-03,3.191641311441E-05
1.7400E-08,6.94402331952E-03,2.318088075426E-05
1.7600E-08,7.04745018389E-03,2.590118700918E-05
1.7800E-08,7.15245354455E-03,2.980623094645E-05
1.8000E-08,7.00044679921E-03,3.205611685571E-05
1.8200E-08,7.00360561255E-03,3.233929880243E-05
1.8400E-08,7.29387487750E-03,3.311264764798E-05
1.8600E-08,7.15670037549E-03,2.632893648279E-05
1.8800E-08,7.03391550574E-03,2.330909458269E-05
1.9000E-08,6.95754332933E-03,2.546559025813E-05
1.9200E-08,6.80853311438E-03,2.587760354672E-05
1.9400E-08,6.78963006008E-03,2.677720266674E-05
1.9600E-08,6.75811270717E-03,2.535982894060E-05
1.9800E-08,6.53466443997E-03,2.818489739020E-05
2.0000E-08,6.63883985486E-03,3.172631611396E-05
2.0200E-08,6.89556031953E-03,3.112582939957E-05
2.0400E-08,8.05643272120E-03,2.837942105998E-05
2.0600E-08,9.32363748085E-03,2.599031015579E-05
2.0800E-08,8.71381397825E-03,2.896309614461E-05
2.1000E-08,8.00844353158E-03,2.997758745496E-05
2.1200E-08,8.30584183801E-03,2.690319622215E-05
2.1400E-08,8.19885755423E-03,3.123102177214E-05
2.1600E-08,7.88089960348E-03,3.419267170411E-05
2.1800E-08,6.77247719373E-03,2.559557336663E-05
2.2000E-08,6.62068674806E-03,2.488095768076E-05
2.2200E-08,7.34477421734E-03,2.441776709911E-05
2.2400E-08,7.31194998603E-03,2.623243092839E-05
2.2600E-08,7.49422378372E-03,2.943949041237E-05
2.2800E-08,7.88896555547E-03,2.369300754089E-05
2.3000E-08,7.77200564276E-03,2.318363528047E-05
2.3200E-08,7.57759391796E-03,2.826473008190E-05
2.3400E-08,7.62615354266E-03,2.740676108096E-05
2.3600E-08,7.58058812003E-03,2.353952423018E-05
2.3800E-08,7.53281988669E-03,2.564010371734E-05
2.4000E-08,7.70706405397E-03,2.729243089725E-05
2.4200E-08,7.79910945799E-03,2.302496901993E-05
2.4400E-08,7.75028580334E-03,2.323082995881E-05
2.4600E-08,7.65015838202E-03,2.792214889359E-05
2.4800E-08,7.70996023435E-03,2.670902640839E-05
2.5000E-08,7.89095602464E-03,2.574424146023E-05
2.5200E-08,7.93694659602E-03,2.784701346700E-05
2.5400E-08,7.95642963145E-03,2.608057119232E-05
2.5600E-08,8.06920953561E-03,2.172041291651E-05
2.5800E-08,8.18472799379E-03,2.170596726519E-05
2.6000E-08,8.19850528147E-03,2.011432986055E-05
2.6200E-08,8.26455211732E-03,2.139374137205E-05
2.6400E-08,8.19539303426E-03,2.471908590105E-05
2.6600E-08,8.09327397961E-03,2.540730115306E-05
2.6800E-08,8.16555462312E-03,2.135329771136E-05
2.7000E-08,8.30950682517E-03,2.082578165737E-05
2.7200E-08,8.19902775343E-03,2.334414714296E-05
2.7400E-08,8.16264167894E-03,2.332707185578E-05
2.7600E-08,8.28607661184E-03,2.365189779830E-05
2.7800E-08,8.49449542817E-03,2.381374876295E-05
2.8000E-08,8.53956305887E-03,2.692137470749E-05
2.8200E-08,8.56072550174E-03,2.534897041787E-05
2.8400E-08,8.43022765126E-03,2.218499116880E-05
2.8600E-08,8.41349760536E-03,2.229715658632E-05
2.8800E-08,8.49599252920E-03,2.253395564203E-05
2.9000E-08,8.36790470872E-03,2.376339019556E-05
2.9200E-08,8.42609793413E-03,2.602813111898E-05
2.9400E-08,8.48821389023E-03,2.721887047683E-05
2.9600E-08,8.44840008300E-03,2.227444735636E-05
2.9800E-08,8.44578143675E-03,2.511412103940E-05
3.0000E-08,8.61532521900E-03,2.505563766044E-05
3.0200E-08,8.69225502480E-03,2.559581620899E-05
3.0400E-08,8.71469407808E-03,2.458331620601E-05
3.0600E-08,8.66961713415E-03,2.001967684646E-05
3.0800E-08,8.74402282294E-03,2.460088411626E-05
3.1000E-08,8.87018257286E-03,2.763711440657E-05
3.1200E-08,8.82756129373E-03,2.261234515627E-05
3.1400E-08,8.74466171022E-03,2.641740742420E-05
3.1600E-08,8.80052453373E-03,2.597134069820E-05
3.1800E-08,8.96799146663E-03,1.928027736303E-05
3.2000E-08,8.92810455058E-03,1.666795963702E-05
3.2200E-08,8.71273550670E-03,1.875034676213E-05
3.2400E-08,8.89190683607E-03,1.846376502235E-05
3.2600E-08,8.99137115572E-03,2.237918179762E-05
3.2800E-08,8.91688956413E-03,2.506453262922E-05
3.3000E-08,8.83069123607E-03,2.466942116898E-05
3.3200E-08,8.91567279119E-03,2.402679089737E-05
3.3400E-08,9.02107103262E-03,2.563696758170E-05
3.3600E-08,8.90103007201E-03,2.399275827502E-05
3.3800E-08,8.76947260927E-03,2.092668612768E-05
3.4000E-08,8.84938986506E-03,2.436357162242E-05
3.4200E-08,9.00385437067E-03,2.193017320988E-05
3.4400E-08,9.08368478063E-03,1.857471622807E-05
3.4600E-08,9.22652940731E-03,2.060199895222E-05
3.4800E-08,9.02579679619E-03,2.391504871939E-05
3.5000E-08,8.96245265845E-03,2.284204627667E-05
3.5200E-08,9.08890530933E-03,2.505040614214E-05
3.5400E-08,9.19244695920E-03,2.342610297073E-05
3.5600E-08,9.16582952719E-03,2.099747120683E-05
3.5800E-08,9.27742432337E-03,2.118126818259E-05
3.6000E-08,9.29950644728E-03,2.596048217547E-05
3.6200E-08,9.10375198815E-03,2.445933477302E-05
3.6400E-08,8.98374734912E-03,2.564746531006E-05
3.6600E-08,9.12898524199E-03,2.834292532225E-05
3.6800E-08,9.23503005411E-03,1.860562659149E-05
3.7000E-08,9.15936312172E-03,1.483461776097E-05
3.7200E-08,9.04065581504E-03,1.816813567002E-05
3.7400E-08,8.97818968166E-03,2.388068305608E-05
3.7600E-08,9.05436534900E-03,2.022130538989E-05
3.7800E-08,9.07398365904E-03,1.803730608244E-05
3.8000E-08,9.10908637103E-03,1.862757954095E-05
3.8200E-08,9.15191300679E-03,1.758672248852E-05
3.8400E-08,9.02645850088E-03,1.673575428594E-05
3.8600E-08,8.94551702309E-03,1.930551215355E-05
3.8800E-08,8.89021555427E-03,2.226512220968E-05
3.9000E-08,9.06743296888E-03,1.742088890914E-05
3.9200E-08,9.17804126162E-03,1.342570882571E-05
3.9400E-08,9.11740634125E-03,1.717754698639E-05
3.9600E-08,8.98748125415E-03,2.153946760391E-05
3.9800E-08,8.88390654232E-03,1.948540283647E-05
4.0000E-08,8.99696724024E-03,1.785903897416E-05
4.0200E-08,8.95067655016E-03,1.927860521992E-05
4.0400E-08,8.94111955073E-03,2.181999909972E-05
4.0600E-08,9.03770072851E-03,1.829580830690E-05
4.0800E-08,9.12471838761E-03,1.829677967635E-05
4.1000E-08,9.08646408003E-03,2.278402776737E-05
4.1200E-08,9.11508013029E-03,2.336578786653E-05
4.1400E-08,9.22791405115E-03,1.626153866109E-05
4.1600E-08,9.02650739532E-03,1.756200807449E-05
4.1800E-08,8.92560231965E-03,2.202608206589E-05
4.2000E-08,8.95541185979E-03,1.837369132136E-05
4.2200E-08,9.07917322125E-03,1.933111467679E-05
4.2400E-08,9.07503931317E-03,2.025317324605E-05
4.2600E-08,8.99458165746E-03,1.969074339886E-05
4.2800E-08,9.15552118327E-03,1.715771717299E-05
4.3000E-08,9.16140108835E-03,1.437649217714E-05
4.3200E-08,8.99551856797E-03,1.317177203764E-05
4.3400E-08,8.88260269072E-03,2.503423284088E-05
4.3600E-08,8.96435395349E-03,2.562997372170E-05
4.3800E-08,8.97736639250E-03,2.011631422956E-05
4.4000E-08,9.05008336063E-03,1.636913170387E-05
4.4200E-08,9.04229540843E-03,1.940602113773E-05
4.4400E-08,8.88274495024E-03,2.111404247862E-05
4.4600E-08,9.09261360299E-03,2.145237045643E-05
4.4800E-08,9.28972406778E-03,1.820382655878E-05
4.5000E-08,9.20800516847E-03,2.263958513085E-05
4.5200E-08,9.13231937680E-03,2.300966995117E-05
4.5400E-08,9.10160389263E-03,2.229966827017E-05
4.5600E-08,9.02331854682E-03,2.191563735996E-05
4.5800E-08,8.95363047253E-03,2.334882359300E-05
4.6000E-08,9.23433156218E-03,2.196081297752E-05
4.6200E-08,9.30403849576E-03,1.890755596851E-05
4.6400E-08,9.21205060091E-03,1.769182466251E-05
4.6600E-08,9.25184019375E-03,1.990686616209E-05
4.6800E-08,9.16896366049E-03,1.965621121508E-05
4.7000E-08,8.90729857143E-03,1.430774697383E-05
4.7200E-08,9.01859161910E-03,1.329422703293E-05
4.7400E-08,9.07543931622E-03,1.852938102838E-05
4.7600E-08,8.96827435587E-03,2.548788318690E-05
4.7800E-08,8.97949539591E-03,2.103378654738E-05
4.8000E-08,8.99773977231E-03,1.630588167627E-05
4.8200E-08,9.01107514743E-03,1.875190095325E-05
4.8400E-08,9.31019966025E-03,2.576044945326E-05
4.8600E-08,9.41741281655E-03,2.063771759440E-05
4.8800E-08,9.25863861572E-03,1.531159485039E-05
4.9000E-08,8.88340828475E-03,2.068913079147E-05
4.9200E-08,8.84798636194E-03,2.170329599921E-05
4.9400E-08,8.94329232629E-03,2.225439551566E-05
4.9600E-08,9.00383248459E-03,2.024233553839E-05
4.9800E-08,9.01633316185E-03,2.096008735989E-05
5.0000E-08,9.06362735201E-03,2.111656110082E-05
5.0200E-08,9.13724421058E-03,2.522104800027E-05
5.0400E-08,9.25933361519E-03,2.559746059869E-05
5.0600E-08,9.26541561726E-03,2.169141060021E-05
5.0800E-08,9.17653414886E-03,2.001889975090E-05
5.1000E-08,9.19688866939E-03,2.651985220891E-05
5.1200E-08,9.26635741722E-03,2.483297203016E-05
5.1400E-08,9.26072291564E-03,1.636752200593E-05
5.1600E-08,9.21011950355E-03,1.766104612779E-05
5.1800E-08,9.17934348341E-03,2.080285733846E-05
5.2000E-08,9.11570085678E-03,2.206646328141E-05
5.2200E-08,9.00391187984E-03,2.545804132987E-05
5.2400E-08,8.88054423500E-03,2.643613403943E-05
5.2600E-08,9.01290938724E-03,2.583933159058E-05
5.2800E-08,9.00424994994E-03,2.299401702639E-05
5.3000E-08,8.93519144971E-03,2.362422070746E-05
5.3200E-08,8.99759332184E-03,2.679103774299E-05
5.3400E-08,9.15519102942E-03,2.062374375109E-05
5.3600E-08,9.17262492236E-03,1.929040735867E-05
5.3800E-08,9.09289975185E-03,2.052256868501E-05
5.4000E-08,9.26087844651E-03,2.618958659750E-05
5.4200E-08,9.49019870255E-03,2.687483223435E-05
5.4400E-08,9.37308628578E-03,2.276322658454E-05
5.4600E-08,9.24177236389E-03,2.647234530468E-05
5.4800E-08,9.24629370216E-03,2.854697535094E-05
5.5000E-08,9.33359657880E-03,2.967506831792E-05
5.5200E-08,9.30663572159E-03,3.063552373369E-05
5.5400E-08,9.14599957410E-03,2.662741749828E-05
5.5600E-08,8.99859309662E-03,2.247631180380E-05
5.5800E-08,9.19082948472E-03,2.016670055036E-05
5.6000E-08,9.18705692980E-03,2.572026944999E-05
5.6200E-08,9.21769138891E-03,2.474893469643E-05
5.6400E-08,9.36502312776E-03,2.454617520143E-05
5.6600E-08,9.41491687205E-03,3.220251610783E-05
5.6800E-08,9.38438439276E-03,3.673587649409E-05
5.7000E-08,9.30790581275E-03,3.145341680665E-05
5.7200E-08,9.06487090047E-03,2.795190749039E-05
5.7400E-08,9.11191107239E-03,2.865072454606E-05
5.7600E-08,9.14939680602E-03,2.962002636213E-05
5.7800E-08,9.04522534925E-03,2.524168266264E-05
5.8000E-08,8.99707993027E-03,2.541854128522E-05
5.8200E-08,9.12919385824E-03,2.893319878076E-05
5.8400E-08,9.17624008376E-03,2.740229278152E-05
5.8600E-08,9.09918827470E-03,2.309089031351E-05
5.8800E-08,8.95858790260E-03,2.854370044824E-05
5.9000E-08,9.00390605908E-03,2.894124033210E-05
5.9200E-08,9.09419149626E-03,2.579924178590E-05
5.9400E-08,9.12229415495E-03,2.603426462319E-05
5.9600E-08,9.22281622421E-03,2.753089515772E-05
5.9800E-08,9.40258406568E-03,2.756870918256E-05
6.0000E-08,9.32358136866E-03,2.942340037134E-05
6.0200E-08,9.22018663492E-03,3.017692634185E-05
6.0400E-08,9.11045890767E-03,3.130370796007E-05
6.0600E-08,9.12589837331E-03,2.989074008819E-05
6.0800E-08,9.08540423494E-03,2.381164644194E-05
6.1000E-08,9.14534974378E-03,2.165663557407E-05
6.1200E-08,9.24576098565E-03,2.759684420471E-05
6.1400E-08,9.32082931045E-03,2.808111350332E-05
6.1600E-08,9.31490749586E-03,2.499032000360E-05
6.1800E-08,9.04720906634E-03,2.405144286622E-05
6.2000E-08,8.94703857135E-03,2.644245487918E-05
6.2200E-08,9.07558762934E-03,2.897419057135E-05
6.2400E-08,8.99060514290E-03,2.834775441606E-05
6.2600E-08,9.06650327612E-03,2.812968197559E-05
6.2800E-08,9.15504551027E-03,2.866399067734E-05
6.3000E-08,9.12222803105E-03,2.465570404474E-05
6.3200E-08,9.16836319026E-03,2.675553418976E-05
6.3400E-08,9.20724520925E-03,2.080314874929E-05
6.3600E-08,9.29300325457E-03,1.864039467928E-05
6.3800E-08,9.17650201823E-03,2.285099675228E-05
6.4000E-08,9.30858754087E-03,3.038568751235E-05
6.4200E-08,9.31219664868E-03,2.929649095331E-05
6.4400E-08,9.14252178278E-03,2.738684106898E-05
6.4600E-08,9.07699998002E-03,2.394375962485E-05
6.4800E-08,9.19332030695E-03,2.233488041256E-05
6.5000E-08,9.12049204577E-03,2.666558537912E-05
6.5200E-08,8.99491576943E-03,3.316216667463E-05
6.5400E-08,9.06014979351E-03,3.197024779674E-05
6.5600E-08,9.12055677269E-03,2.952889109310E-05
6.5800E-08,9.05666664708E-03,3.110914266017E-05
6.6000E-08,8.93517631572E-03,2.852209441644E-05
6.6200E-08,9.00865696836E-03,2.255719218683E-05
6.6400E-08,9.04610987287E-03,2.279002944288E-05
6.6600E-08,9.00872029830E-03,2.354498471413E-05
6.6800E-08,8.96859752480E-03,2.806799307746E-05
6.7000E-08,9.07342696097E-03,2.986520694849E-05
6.7200E-08,8.95658555906E-03,2.985099026282E-05
6.7400E-08,8.85725232307E-03,2.460875220877E-05
6.7600E-08,8.93235370982E-03,2.123894671258E-05
6.7800E-08,8.83439231198E-03,2.582766821888E-05
6.8000E-08,8.91666139010E-03,2.943101868313E-05
6.8200E-08,9.07175267581E-03,2.769147640374E-05
6.8400E-08,9.06185457948E-03,1.895207938087E-05
6.8600E-08,9.09757662099E-03,1.755692919996E-05
6.8800E-08,9.10602325108E-03,2.868822634500E-05
6.9000E-08,8.97886232939E-03,3.465199068469E-05
6.9200E-08,8.85085902642E-03,2.670322594513E-05
6.9400E-08,8.75956170726E-03,2.146359671187E-05
6.9600E-08,8.75880919862E-03,2.778558822629E-05
6.9800E-08,8.76771799754E-03,2.702200164367E-05
7.0000E-08,8.82641832810E-03,2.478345300351E-05
7.0200E-08,8.99356814567E-03,3.096015540232E-05
7.0400E-08,8.99543777574E-03,2.759939751868E-05
7.0600E-08,8.76178663690E-03,2.030750748981E-05
7.0800E-08,8.84750160854E-03,2.336612784584E-05
7.1000E-08,8.96631857846E-03,2.544276307617E-05
7.1200E-08,8.86568172369E-03,2.311309998204E-05
7.1400E-08,8.65867944900E-03,2.224607643020E-05
7.1600E-08,8.59326055739E-03,2.140431542230E-05
7.1800E-08,8.77311990131E-03,2.148430075776E-05
7.2000E-08,8.95409310702E-03,2.071488595848E-05
7.2200E-08,8.82632775698E-03,2.243581263628E-05
7.2400E-08,8.82315916475E-03,2.566585194600E-05
7.2600E-08,8.95401045214E-03,2.831264634897E-05
7.2800E-08,8.90227664728E-03,2.941490782705E-05
7.3000E-08,8.74164282810E-03,2.710601122399E-05
7.3200E-08,8.77146517392E-03,2.741711310391E-05
7.3400E-08,8.74585403595E-03,3.194848218281E-05
7.3600E-08,8.60843180213E-03,2.703841778730E-05
7.3800E-08,8.63700221758E-03,2.409511286114E-05
7.4000E-08,8.83077761624E-03,2.597732155864E-05
7.4200E-08,8.88744743075E-03,2.346087799688E-05
7.4400E-08,8.96223915275E-03,2.590670993832E-05
7.4600E-08,8.94633332733E-03,2.570451938827E-05
7.4800E-08,8.90579052735E-03,2.270188460407E-05
7.5000E-08,8.89003441203E-03,2.159478015546E-05
7.5200E-08,8.78165803384E-03,2.225938419160E-05
7.5400E-08,8.66247132886E-03,2.722938208190E-05
7.5600E-08,8.71327241417E-03,2.804617195670E-05
7.5800E-08,8.74787663575E-03,2.323672062066E-05
7.6000E-08,8.73938716482E-03,2.232137143892E-05
7.6200E-08,8.76677712891E-03,2.970247481298E-05
7.6400E-08,8.72655237559E-03,2.773642305565E-05
7.6600E-08,8.75912957359E-03,2.201227474306E-05
7.6800E-08,8.81646272261E-03,1.822160261963E-05
7.7000E-08,8.74140953179E-03,2.328664207180E-05
7.7200E-08,8.76507723238E-03,2.756589221117E-05
7.7400E-08,8.85958458763E-03,2.193493292016E-05
7.7600E-08,8.79318454768E-03,2.235952544306E-05
7.7800E-08,8.61338504124E-03,2.839792564791E-05
7.8000E-08,8.65094271954E-03,2.594826373552E-05
7.8200E-08,8.80028751213E-03,2.087396852021E-05
7.8400E-08,8.79468677100E-03,2.377494949196E-05
7.8600E-08,8.76624697354E-03,2.730419834424E-05
7.8800E-08,8.74360698741E-03,2.550644328166E-05
7.9000E-08,8.80230801646E-03,2.137065747101E-05
7.9200E-08,8.78302800935E-03,2.030843722914E-05
7.9400E-08,8.82582135033E-03,2.213873316814E-05
7.9600E-08,8.87242077384E-03,2.298657217343E-05
7.9800E-08,8.86636298615E-03,2.408220058587E-05
8.0000E-08,8.75171950553E-03,2.245400499832E-05
8.0200E-08,8.69481127243E-03,2.139181250986E-05
8.0400E-08,8.72168994043E-03,2.107726226841E-05
8.0600E-08,8.82880344521E-03,2.043737958465E-05
8.0800E-08,8.78406433854E-03,1.983079405781E-05
8.1000E-08,8.54955265764E-03,2.443357960601E-05
8.1200E-08,8.60066503752E-03,2.550477113855E-05
8.1400E-08,8.70743115898E-03,2.384497829062E-05
8.1600E-08,8.67420296650E-03,2.201148377080E-05
8.1800E-08,8.60862155910E-03,1.893057742436E-05
8.2000E-08,8.75405712519E-03,1.928904744145E-05
8.2200E-08,8.86992599349E-03,1.971615858656E-05
8.2400E-08,8.82434427272E-03,2.180089087505E-05
8.2600E-08,8.85376056190E-03,2.412197122630E-05
8.2800E-08,8.80397019442E-03,2.071063274798E-05
8.3000E-08,8.80095061380E-03,1.795859740396E-05
8.3200E-08,8.88695336413E-03,2.165086286422E-05
8.3400E-08,8.94090907182E-03,1.952882998903E-05
8.3600E-08,8.69082637597E-03,2.066375029553E-05
8.3800E-08,8.73978320975E-03,2.168529791106E-05
8.4000E-08,8.98523397278E-03,2.150067527127E-05
8.4200E-08,8.99955119472E-03,2.504761692416E-05
8.4400E-08,8.93734350335E-03,2.664959247504E-05
8.4600E-08,8.98107259069E-03,2.666763913166E-05
8.4800E-08,8.96968414541E-03,2.861737188232E-05
8.5000E-08,8.82609818596E-03,2.888542821911E-05
8.5200E-08,8.85949564632E-03,2.232151020598E-05
8.5400E-08,8.77719094511E-03,2.025788438786E-05
8.5600E-08,8.78173323814E-03,2.630479795207E-05
8.5800E-08,8.84265942965E-03,2.478382767458E-05
8.6000E-08,8.86658370960E-03,2.351704396588E-05
8.6200E-08,8.81998847704E-03,2.582008459885E-05
8.6400E-08,8.82071001921E-03,2.986254955922E-05
8.6600E-08,8.82929704618E-03,2.726908333880E-05
8.6800E-08,9.03083036188E-03,2.212364224997E-05
8.7000E-08,9.00168182794E-03,1.887371068169E-05
8.7200E-08,8.85817689355E-03,2.319502111804E-05
8.7400E-08,8.85103318375E-03,2.344183915575E-05
8.7600E-08,8.95164303016E-03,1.895794922766E-05
8.7800E-08,9.10360856447E-03,1.575075791497E-05
8.8000E-08,8.87911558617E-03,2.199017608818E-05
8.8200E-08,8.74122047331E-03,2.656373035443E-05
8.8400E-08,8.77723308746E-03,2.378264412564E-05
8.8600E-08,8.88280967716E-03,2.197112337035E-05
8.8800E-08,8.98944331799E-03,2.260968776700E-05
8.9000E-08,8.91412330326E-03,2.434052241315E-05
8.9200E-08,8.77698209602E-03,2.322054731940E-05
8.9400E-08,8.63673190121E-03,2.341754104291E-05
8.9600E-08,8.63320521545E-03,2.572910197359E-05
8.9800E-08,8.81939312909E-03,2.938584306557E-05
9.0000E-08,8.95501767751E-03,2.447260784265E-05
9.0200E-08,8.98016827647E-03,2.350392354001E-05
9.0400E-08,8.93971139099E-03,2.619541481417E-05
9.0600E-08,8.81962130312E-03,2.375382220653E-05
9.0800E-08,8.78446434159E-03,2.094541274291E-05
9.1000E-08,8.79486605059E-03,2.648556286749E-05
9.1200E-08,8.87960220221E-03,2.473755579722E-05
9.1400E-08,8.96746270824E-03,2.032176580560E-05
9.1600E-08,8.84034672286E-03,2.415303423350E-05
9.1800E-08,8.73895898927E-03,2.549994898309E-05
9.2000E-08,8.89567473438E-03,2.282687903662E-05
9.2200E-08,9.06185434665E-03,2.321335918550E-05
9.2400E-08,8.96063192282E-03,2.244846819249E-05
9.2600E-08,9.01830430608E-03,2.110871382338E-05
9.2800E-08,9.07019131351E-03,2.526214386617E-05
9.3000E-08,9.10741976928E-03,2.533267222625E-05
9.3200E-08,8.96578190382E-03,2.772743788828E-05
9.3400E-08,9.01651104446E-03,2.822032462154E-05
9.3600E-08,8.97737291176E-03,2.952993184608E-05
9.3800E-08,8.92015059013E-03,2.844577253145E-05
9.4000E-08,8.97759782616E-03,1.935709880945E-05
9.4200E-08,9.06885346863E-03,1.667108883430E-05
9.4400E-08,8.89793738257E-03,1.997290540767E-05
9.4600E-08,8.75656121876E-03,2.171772777383E-05
9.4800E-08,8.81714049261E-03,2.454337210674E-05
9.5000E-08,8.93797214609E-03,2.505792037864E-05
9.5200E-08,8.98607193027E-03,2.759422150721E-05
9.5400E-08,8.82698294241E-03,3.687023770344E-05
9.5600E-08,8.80811248440E-03,3.318334946689E-05
9.5800E-08,8.99049198721E-03,2.645280690212E-05
9.6000E-08,9.09678569529E-03,2.805104961899E-05
9.6200E-08,8.91984069254E-03,2.899023204391E-05
9.6400E-08,8.80561793689E-03,2.420004157629E-05
9.6600E-08,8.93074252177E-03,2.277747102362E-05
9.6800E-08,8.88606511522E-03,2.036054426153E-05
9.7000E-08,8.91395659652E-03,2.242034704704E-05
9.7200E-08,9.00377497543E-03,2.127510247101E-05
9.7400E-08,9.16257571895E-03,2.132879838627E-05
9.7600E-08,9.14869924541E-03,2.330315535237E-05
9.7800E-08,9.05688667204E-03,2.449874461908E-05
9.8000E-08,9.12975800689E-03,2.138733033371E-05
9.8200E-08,9.20401351992E-03,2.002746167873E-05
9.8400E-08,9.17926525231E-03,2.318035343942E-05
9.8600E-08,9.13810894359E-03,2.608758586739E-05
9.8800E-08,8.99039024021E-03,2.681926296373E-05
9.9000E-08,8.95401347894E-03,2.574184772839E-05
9.9200E-08,9.02768342290E-03,2.457858424914E-05
9.9400E-08,8.92248820979E-03,2.257491967921E-05
9.9600E-08,8.90995679889E-03,2.352824246791E-05
9.9800E-08,8.79372238647E-03,2.624949233886E-05
1.0000E-07,8.74317485373E-03,2.108533851151E-05
1.0020E-07,8.96493114065E-03,1.783527511452E-05
1.0040E-07,9.18692770880E-03,2.224813712109E-05
1.0060E-07,9.10590334330E-03,2.531165595446E-05
1.0080E-07,8.92001997214E-03,2.477280956973E-05
1.0100E-07,8.86374014895E-03,2.559901478980E-05
1.0120E-07,8.92074104864E-03,2.742293438223E-05
1.0140E-07,8.94365484361E-03,2.752424821538E-05
1.0160E-07,8.87173485476E-03,2.399985621032E-05
1.0180E-07,8.89005769510E-03,2.225958540384E-05
1.0200E-07,8.93493370619E-03,2.086554535945E-05
1.0220E-07,9.00184643920E-03,2.467830226105E-05
1.0240E-07,9.06800503377E-03,2.910195340682E-05
1.0260E-07,8.97643367294E-03,2.524380579871E-05
1.0280E-07,8.90270761680E-03,2.179072618765E-05
1.0300E-07,8.96645804401E-03,2.499156196882E-05
1.0320E-07,8.90719472896E-03,2.679649128859E-05
1.0340E-07,8.80284329411E-03,2.493988511433E-05
1.0360E-07,8.93790695351E-03,2.225742063765E-05
1.0380E-07,9.03010649141E-03,2.222557359655E-05
1.0400E-07,8.97301525343E-03,2.447093569954E-05
1.0420E-07,8.98339600768E-03,2.768938102108E-05
1.0440E-07,8.94948585424E-03,2.271026613471E-05
1.0460E-07,8.94573518541E-03,1.862239659113E-05
1.0480E-07,8.94349605311E-03,2.424079746288E-05
1.0500E-07,8.91145715956E-03,2.308038564679E-05
1.0520E-07,8.79978483077E-03,2.114347497281E-05
1.0540E-07,8.88713147957E-03,2.281506995951E-05
1.0560E-07,8.92259740736E-03,2.576986479853E-05
1.0580E-07,8.96307245362E-03,2.353334909585E-05
1.0600E-07,8.91954732593E-03,2.693261483964E-05
1.0620E-07,8.86887662578E-03,2.603583962937E-05
1.0640E-07,8.98427750450E-03,2.405729189795E-05
1.0660E-07,9.00139940437E-03,2.092151011620E-05
1.0680E-07,8.89557322021E-03,2.063383905497E-05
1.0700E-07,8.87995121535E-03,2.375815173891E-05
1.0720E-07,8.91997317318E-03,2.748014804256E-05
1.0740E-07,8.86026049498E-03,2.590632139054E-05
1.0760E-07,8.86848872993E-03,2.536225736421E-05
1.0780E-07,9.00307625066E-03,2.613269210142E-05
1.0800E-07,9.04341252986E-03,2.820408193675E-05
1.0820E-07,8.89368915465E-03,2.670413486940E-05
1.0840E-07,8.77706149127E-03,2.377535191645E-05
1.0860E-07,8.94532214384E-03,2.073215551954E-05
1.0880E-07,8.95940863062E-03,2.452873218153E-05
1.0900E-07,8.80252873991E-03,2.911485874374E-05
1.0920E-07,8.81027315278E-03,2.867409291957E-05
1.0940E-07,8.76103389542E-03,2.752251362708E-05
1.0960E-07,8.75872049015E-03,2.726036876720E-05
1.0980E-07,8.73658714350E-03,2.389748080914E-05
1.1000E-07,8.91838969197E-03,2.136761153397E-05
1.1020E-07,9.07654526178E-03,2.078873085138E-05
1.1040E-07,8.97760062013E-03,2.507398960461E-05
1.1060E-07,8.65351759363E-03,2.461181202252E-05
1.1080E-07,8.69154861662E-03,2.637511816156E-05
1.1100E-07,8.89635040890E-03,2.917446613592E-05
1.1120E-07,8.86944380123E-03,2.847552418989E-05
1.1140E-07,8.90642103273E-03,2.557590313536E-05
1.1160E-07,9.03875312302E-03,2.249233939965E-05
1.1180E-07,8.94324110355E-03,2.590651566443E-05
1.1200E-07,8.75637029763E-03,3.077601150890E-05
1.1220E-07,8.85375311132E-03,3.146929175873E-05
1.1240E-07,8.95577530842E-03,2.946750054416E-05
1.1260E-07,8.96742452402E-03,2.567045901251E-05
1.1280E-07,8.94830889534E-03,2.380427097250E-05
1.1300E-07,8.80279160570E-03,2.184552530107E-05
1.1320E-07,8.90957798343E-03,2.341143529211E-05
1.1340E-07,9.15332815144E-03,2.282435347606E-05
1.1360E-07,9.06049834099E-03,2.102831218672E-05
1.1380E-07,8.79278873559E-03,2.200927737449E-05
1.1400E-07,8.72735214885E-03,2.433172458132E-05
1.1420E-07,8.78270996269E-03,2.497414670233E-05
1.1440E-07,8.70099711697E-03,2.546877496224E-05
1.1460E-07,8.73491378967E-03,2.601358833071E-05
1.1480E-07,8.82356242742E-03,2.374081973266E-05
1.1500E-07,8.90443638433E-03,2.566359698121E-05
1.1520E-07,8.71660515200E-03,2.838103769627E-05
1.1540E-07,8.75292137731E-03,2.949982633163E-05
1.1560E-07,8.95739860367E-03,3.168229226303E-05
1.1580E-07,9.07802490052E-03,3.162799964939E-05
1.1600E-07,8.94821529742E-03,2.803872710374E-05
1.1620E-07,8.91034981701E-03,2.268764016499E-05
1.1640E-07,8.80562887993E-03,2.279899379518E-05
1.1660E-07,8.78901059274E-03,2.248277834897E-05
1.1680E-07,9.00622551795E-03,2.204035425839E-05
1.1700E-07,9.09287227783E-03,2.341493916047E-05
1.1720E-07,8.98871106561E-03,2.532340952475E-05
1.1740E-07,8.87160563376E-03,2.422631018144E-05
1.1760E-07,8.77162838820E-03,2.517624705379E-05
1.1780E-07,8.83140230086E-03,2.404180549365E-05
1.1800E-07,8.71312899049E-03,2.188408172969E-05
1.1820E-07,8.61717529129E-03,2.477261529584E-05
1.1840E-07,8.76580878626E-03,2.875269752276E-05
1.1860E-07,8.91697780695E-03,2.961252600235E-05
1.1880E-07,8.91336706933E-03,2.810014540610E-05
1.1900E-07,8.88039079960E-03,2.523912934866E-05
1.1920E-07,8.98160623852E-03,2.401884648298E-05
1.1940E-07,8.95979000721E-03,2.570512302500E-05
1.1960E-07,8.79911358002E-03,2.876093334798E-05
1.1980E-07,8.74127798248E-03,2.781248128322E-05
1.2000E-07,8.78855214920E-03,2.240948852432E-05
1.2020E-07,8.87169853318E-03,2.367995649856E-05
1.2040E-07,8.99655862246E-03,2.490316734929E-05
1.2060E-07,8.90160469804E-03,2.694389660191E-05
1.2080E-07,8.94880412612E-03,2.468200734165E-05
1.2100E-07,8.98174244445E-03,2.322035998386E-05
1.2120E-07,8.90530391130E-03,2.322695141938E-05
1.2140E-07,8.81630975287E-03,2.364627773222E-05
1.2160E-07,8.74830760527E-03,2.581760066841E-05
1.2180E-07,8.88549584430E-03,2.301897428278E-05
1.2200E-07,9.08235298935E-03,2.135637140182E-05
1.2220E-07,9.21379147563E-03,1.827205138561E-05
1.2240E-07,9.13639950100E-03,2.291897873674E-05
1.2260E-07,9.04131193180E-03,2.779428892118E-05
1.2280E-07,8.90046359505E-03,2.926084863302E-05
1.2300E-07,8.71316787321E-03,2.785907926318E-05
1.2320E-07,8.73454335611E-03,2.760276261997E-05
1.2340E-07,8.77610176336E-03,3.172687812057E-05
1.2360E-07,8.81053299177E-03,3.171632488538E-05
1.2380E-07,8.83303607348E-03,2.667476482038E-05
1.2400E-07,8.89705728274E-03,2.578490714823E-05
1.2420E-07,9.06704158056E-03,2.856153895427E-05
1.2440E-07,8.87194649782E-03,2.924672908430E-05
1.2460E-07,8.62753648776E-03,2.652672811691E-05
1.2480E-07,8.64767238032E-03,2.422591469531E-05
1.2500E-07,8.74365960713E-03,2.667478563544E-05
1.2520E-07,8.58644234482E-03,2.988253895473E-05
1.2540E-07,8.63237936515E-03,3.263234014903E-05
1.2560E-07,8.83270428982E-03,2.808885670547E-05
1.2580E-07,8.94703065511E-03,2.779308858608E-05
1.2600E-07,8.93692510668E-03,2.774209862855E-05
1.2620E-07,8.92664749641E-03,3.044658543822E-05
1.2640E-07,8.89295201283E-03,3.028904319089E-05
1.2660E-07,9.06452002469E-03,2.891780951340E-05
1.2680E-07,9.10175942350E-03,2.577551955637E-05
1.2700E-07,8.91897153575E-03,2.512019903679E-05
1.2720E-07,8.81683362182E-03,2.370266572852E-05
1.2740E-07,8.81545456592E-03,2.708979629260E-05
1.2760E-07,8.94316031132E-03,3.102659707238E-05
1.2780E-07,8.96868716460E-03,2.495455279295E-05
1.2800E-07,8.97564204875E-03,2.341459918116E-05
1.2820E-07,8.93399656284E-03,2.343555994612E-05
1.2840E-07,8.86769570876E-03,2.283990232554E-05
1.2860E-07,8.89527380001E-03,2.684958356713E-05
1.2880E-07,8.98333407473E-03,2.961308800895E-05
1.2900E-07,8.98742164951E-03,2.860321070348E-05
1.2920E-07,8.88208021875E-03,2.489914310445E-05
1.2940E-07,8.94948399160E-03,2.308819823247E-05
1.2960E-07,8.90296093654E-03,2.658924267907E-05
1.2980E-07,8.85503135156E-03,2.851956885588E-05
1.3000E-07,8.87621405069E-03,2.906181503367E-05
1.3020E-07,9.01540160645E-03,2.802698741016E-05
1.3040E-07,8.88392167631E-03,2.786444954854E-05
1.3060E-07,8.76805513631E-03,2.133876879980E-05
1.3080E-07,8.71679025236E-03,2.254841517006E-05
1.3100E-07,8.66587065626E-03,2.140036056098E-05
1.3120E-07,8.81350833457E-03,2.140944286530E-05
1.3140E-07,8.98667635862E-03,2.162668964174E-05
1.3160E-07,8.95784121472E-03,2.511391982716E-05
1.3180E-07,9.01427959558E-03,2.337006883044E-05
1.3200E-07,8.96328293253E-03,1.686265676562E-05
1.3220E-07,8.81707879249E-03,1.723714744021E-05
1.3240E-07,8.92345515545E-03,2.535701890756E-05
1.3260E-07,9.05234600883E-03,3.196815241408E-05
1.3280E-07,9.01601558085E-03,3.171406298224E-05
1.3300E-07,8.97139754612E-03,2.795851280261E-05
1.3320E-07,8.85348395910E-03,2.722205518094E-05
1.3340E-07,8.99531041738E-03,2.351628768538E-05
1.3360E-07,9.00137239601E-03,1.819681882207E-05
1.3380E-07,8.83362816181E-03,1.986735224073E-05
1.3400E-07,8.84800661821E-03,2.264813318197E-05
1.3420E-07,9.07837018836E-03,2.134966895264E-05
1.3440E-07,9.01218132581E-03,2.430893902947E-05
1.3460E-07,8.89591641258E-03,2.842596353312E-05
1.3480E-07,8.96719844546E-03,2.949972225633E-05
1.3500E-07,8.96016486455E-03,2.931277526823E-05
1.3520E-07,8.92823400441E-03,2.483789132257E-05
1.3540E-07,8.95500906277E-03,2.135324914288E-05
1.3560E-07,8.75745202880E-03,2.110833915231E-05
1.3580E-07,8.74141186010E-03,2.113152712864E-05
1.3600E-07,8.78429251257E-03,1.492226997670E-05
1.3620E-07,8.68066378403E-03,1.453342384939E-05
1.3640E-07,8.64637039136E-03,1.738285285701E-05
1.3660E-07,8.88239314314E-03,2.041929129791E-05
1.3680E-07,8.88437965419E-03,2.592215471250E-05
1.3700E-07,8.73568422627E-03,2.752732190583E-05
1.3720E-07,8.79139966797E-03,2.190226715338E-05
1.3740E-07,8.92264024820E-03,1.959699930903E-05
1.3760E-07,8.94456474576E-03,2.375718036947E-05
1.3780E-07,8.71548127849E-03,2.557525786851E-05
1.3800E-07,8.71927665081E-03,2.334141343181E-05
1.3820E-07,8.80127611104E-03,2.015829126631E-05
1.3840E-07,8.86788197327E-03,1.687032364589E-05
1.3860E-07,8.91547488514E-03,1.721575649735E-05
1.3880E-07,8.96744315047E-03,2.360153923091E-05
1.3900E-07,8.92265235539E-03,2.967271621619E-05
1.3920E-07,8.79338990431E-03,3.081951498334E-05
1.3940E-07,8.87566992547E-03,2.902859419864E-05
1.3960E-07,8.98043929133E-03,2.576219097991E-05
1.3980E-07,9.03463015798E-03,2.033652368282E-05
1.4000E-07,8.83006608579E-03,1.855737728347E-05
1.4020E-07,8.84074835572E-03,2.521138981265E-05
1.4040E-07,8.90457631554E-03,2.554406997096E-05
1.4060E-07,8.80488102790E-03,2.389620415215E-05
1.4080E-07,8.80978770088E-03,2.337008270715E-05
1.4100E-07,8.77878117841E-03,2.402678395902E-05
1.4120E-07,8.87398539577E-03,2.689507834893E-05
1.4140E-07,8.99142819922E-03,2.121088801232E-05
1.4160E-07,9.04727402609E-03,1.704753612448E-05
1.4180E-07,8.97443016525E-03,2.158335962613E-05
1.4200E-07,8.91977293882E-03,2.578372762818E-05
1.4220E-07,8.85760319885E-03,2.142733687815E-05
1.4240E-07,8.73922092374E-03,2.286172344629E-05
1.4260E-07,8.63250253256E-03,2.500514032599E-05
1.4280E-07,8.76604417805E-03,2.287032006588E-05
1.4300E-07,8.88018008787E-03,2.242110332754E-05
1.4320E-07,8.91264575999E-03,2.279196524341E-05
1.4340E-07,8.91628327314E-03,2.355922221486E-05
1.4360E-07,8.83455180097E-03,2.377621921059E-05
1.4380E-07,8.84676842485E-03,2.558253620100E-05
1.4400E-07,8.80009333137E-03,2.421751928796E-05
1.4420E-07,8.73172587249E-03,2.178615381290E-05
1.4440E-07,8.69978476781E-03,2.326244803426E-05
1.4460E-07,8.69300497230E-03,2.027378709336E-05
1.4480E-07,8.72477448080E-03,1.659090922494E-05
1.4500E-07,8.78327900078E-03,1.929860849213E-05
1.4520E-07,8.80468964111E-03,1.892063476425E-05
1.4540E-07,8.84725946467E-03,1.541784879100E-05
1.4560E-07,8.80399696994E-03,1.474120671210E-05
1.4580E-07,8.84888811503E-03,1.984810524900E-05
1.4600E-07,8.81696098018E-03,2.108250072506E-05
1.4620E-07,8.83630641270E-03,2.402170508449E-05
1.4640E-07,8.87742686551E-03,2.346701150109E-05
1.4660E-07,8.94283853937E-03,1.707991741878E-05
1.4680E-07,9.01182113681E-03,1.617551002000E-05
1.4700E-07,9.07045604195E-03,2.207326980588E-05
1.4720E-07,8.81701173726E-03,2.097664920893E-05
1.4740E-07,8.72074744198E-03,2.328644085955E-05
1.4760E-07,8.84237956721E-03,2.274041327928E-05
1.4780E-07,8.73238594737E-03,2.353314094525E-05
1.4800E-07,8.61326722894E-03,1.988911091630E-05
1.4820E-07,8.72100914363E-03,2.101030022186E-05
1.4840E-07,8.90464709606E-03,1.708361556102E-05
1.4860E-07,9.05982103664E-03,1.669588650857E-05
1.4880E-07,8.99394486565E-03,1.865977349971E-05
1.4900E-07,8.80928804632E-03,2.103323841748E-05
1.4920E-07,8.77833228093E-03,2.490067648050E-05
1.4940E-07,8.91887980048E-03,2.376481255796E-05
1.4960E-07,8.87433580588E-03,2.068346909527E-05
1.4980E-07,8.81702314597E-03,1.774826816563E-05
1.5000E-07,8.80175248254E-03,1.971848293488E-05
1.5020E-07,8.77482072916E-03,1.943433655706E-05
1.5040E-07,8.76445860136E-03,1.804695039336E-05
1.5060E-07,8.96519004833E-03,1.882127754670E-05
1.5080E-07,9.01155920233E-03,2.146958451067E-05
1.5100E-07,8.83348217700E-03,2.195475579519E-05
1.5120E-07,8.77430873457E-03,2.172679620144E-05
1.5140E-07,8.75803736504E-03,1.695630371851E-05
1.5160E-07,8.76464044209E-03,1.653785163817E-05
1.5180E-07,8.80405308213E-03,1.502041992080E-05
1.5200E-07,8.83987756912E-03,1.552589976509E-05
1.5220E-07,8.77194992732E-03,1.215076561366E-05
1.5240E-07,8.80243234802E-03,1.655912462902E-05
1.5260E-07,8.83662539069E-03,1.894401701447E-05
1.5280E-07,8.93033879343E-03,2.263839867246E-05
1.5300E-07,8.87446782086E-03,2.146254902054E-05
1.5320E-07,8.71993765701E-03,1.957618424949E-05
1.5340E-07,8.90856354032E-03,1.917099830043E-05
1.5360E-07,8.99701357353E-03,1.717232240644E-05
1.5380E-07,8.88661971781E-03,1.543821285759E-05
1.5400E-07,8.85116100777E-03,1.792058910523E-05
1.5420E-07,8.86207378004E-03,1.864661144373E-05
1.5440E-07,8.88291351963E-03,1.839470759314E-05
1.5460E-07,8.82134215440E-03,2.014627403860E-05
1.5480E-07,8.84288038593E-03,1.643372083363E-05
1.5500E-07,8.98468914907E-03,1.382657911909E-05
1.5520E-07,8.88228510972E-03,1.790640711133E-05
1.5540E-07,8.76642671879E-03,2.352704213281E-05
1.5560E-07,8.89837300870E-03,2.553688183707E-05
1.5580E-07,9.04006069992E-03,2.417047031504E-05
1.5600E-07,8.84085545782E-03,2.396585134138E-05
1.5620E-07,8.81566714030E-03,2.134801068623E-05
1.5640E-07,8.82370794658E-03,1.935537115951E-05
1.5660E-07,8.94606696907E-03,1.680728870724E-05
1.5680E-07,9.00077774655E-03,1.638246028033E-05
1.5700E-07,8.81504897494E-03,1.432888119762E-05
1.5720E-07,8.74575391877E-03,1.698898336199E-05
1.5740E-07,8.99203495588E-03,2.281176036504E-05
1.5760E-07,9.10073310602E-03,2.143820927758E-05
1.5780E-07,8.98362115491E-03,1.646727470961E-05
1.5800E-07,8.87558191549E-03,1.961268692557E-05
1.5820E-07,8.89955252875E-03,2.265566129517E-05
1.5840E-07,8.99765478913E-03,2.090086157714E-05
1.5860E-07,9.16712685954E-03,2.556382346247E-05
1.5880E-07,8.91579479445E-03,2.771993752849E-05
1.5900E-07,8.70378246996E-03,2.290114023071E-05
1.5920E-07,8.70429353323E-03,2.175374476519E-05
1.5940E-07,8.75229878817E-03,2.450128405635E-05
1.5960E-07,8.70102226268E-03,2.563461547997E-05
1.5980E-07,8.65614136215E-03,2.250687524956E-05
1.6000E-07,8.81376258563E-03,1.829187426065E-05
1.6020E-07,8.84551602881E-03,1.824522077386E-05
1.6040E-07,8.69949303102E-03,2.370509415214E-05
1.6060E-07,8.61058758106E-03,2.972324130405E-05
1.6080E-07,8.63876008894E-03,2.773910819833E-05
1.6100E-07,8.68107356597E-03,2.601623184328E-05
1.6120E-07,8.74625124503E-03,2.610510520917E-05
1.6140E-07,8.90326850582E-03,2.444410508779E-05
1.6160E-07,8.96601799410E-03,2.483601796721E-05
1.6180E-07,8.86276551988E-03,2.305936937500E-05
1.6200E-07,8.82706559729E-03,2.151534988825E-05
1.6220E-07,8.82787212264E-03,1.555804515537E-05
1.6240E-07,8.81906111259E-03,1.746801420395E-05
1.6260E-07,8.74382235575E-03,2.196596817394E-05
1.6280E-07,8.59646756668E-03,2.328930639942E-05
1.6300E-07,8.65865034517E-03,2.159115833510E-05
1.6320E-07,8.79691821989E-03,1.925343981293E-05
1.6340E-07,8.77836906817E-03,1.983285474871E-05
1.6360E-07,8.59316346701E-03,2.032965471317E-05
1.6380E-07,8.70099851396E-03,2.478108702507E-05
1.6400E-07,8.81151483860E-03,2.871645156574E-05
1.6420E-07,8.83837488014E-03,2.286785001215E-05
1.6440E-07,8.93197629135E-03,2.316432584357E-05
1.6460E-07,9.06272164080E-03,3.042758128886E-05
1.6480E-07,9.03425832745E-03,2.873956322019E-05
1.6500E-07,9.00188159663E-03,2.391662372556E-05
1.6520E-07,9.06894497108E-03,2.745543362853E-05
1.6540E-07,8.93096836749E-03,2.755712907110E-05
1.6560E-07,8.65306566935E-03,2.402452899423E-05
1.6580E-07,8.59204587992E-03,2.528632402700E-05
1.6600E-07,8.79813266452E-03,2.113382372354E-05
1.6620E-07,8.84526154492E-03,1.838235038613E-05
1.6640E-07,8.80861772690E-03,2.007272055653E-05
1.6660E-07,8.83676229510E-03,2.023699300644E-05
1.6680E-07,8.77058274578E-03,2.383568783571E-05
1.6700E-07,8.70368002448E-03,2.596020464134E-05
1.6720E-07,8.67478364613E-03,2.374669651781E-05
1.6740E-07,8.80920515861E-03,2.162947192137E-05
1.6760E-07,8.79078289959E-03,2.156269721035E-05
1.6780E-07,8.81940779742E-03,2.206270963234E-05
1.6800E-07,8.92533526290E-03,2.692893057410E-05
1.6820E-07,8.86365074199E-03,2.561691574101E-05
1.6840E-07,8.70261691976E-03,2.568794366252E-05
1.6860E-07,8.73730472755E-03,2.169680170064E-05
1.6880E-07,8.75288133044E-03,2.094823665266E-05
1.6900E-07,8.76293309498E-03,2.449934131746E-05
1.6920E-07,8.77176599111E-03,2.918636541162E-05
1.6940E-07,8.79023667890E-03,2.633110818733E-05
1.6960E-07,8.70102901477E-03,2.044267354813E-05
1.6980E-07,8.58555758838E-03,2.097012021859E-05
1.7000E-07,8.59189011622E-03,2.427208943572E-05
1.7020E-07,8.72987277340E-03,2.851263050270E-05
1.7040E-07,8.82625348400E-03,2.981190651935E-05
1.7060E-07,8.61314708833E-03,3.086362209451E-05
1.7080E-07,8.49027048331E-03,2.837875497807E-05
1.7100E-07,8.69173930492E-03,2.141130234395E-05
1.7120E-07,8.75072694849E-03,1.525780179818E-05
1.7140E-07,8.72165897395E-03,1.903516616021E-05
1.7160E-07,8.80041021388E-03,2.480539901462E-05
1.7180E-07,8.82240456063E-03,3.164396480006E-05
1.7200E-07,8.62210710999E-03,3.217105761450E-05
1.7220E-07,8.57999479864E-03,2.563786262926E-05
1.7240E-07,8.61585700419E-03,2.539726829436E-05
1.7260E-07,8.79382343497E-03,2.563401878160E-05
1.7280E-07,8.90304335859E-03,2.558048244846E-05
1.7300E-07,8.79301481414E-03,3.358673144412E-05
1.7320E-07,8.88423529919E-03,3.669138777350E-05
1.7340E-07,8.90530437697E-03,3.343559329678E-05
1.7360E-07,8.89350149315E-03,2.696371253860E-05
1.7380E-07,8.89736345503E-03,2.227144998778E-05
1.7400E-07,8.70712405536E-03,2.581497797091E-05
1.7420E-07,8.68408523034E-03,2.598044381757E-05
1.7440E-07,8.84953771252E-03,2.548761259113E-05
1.7460E-07,8.90113414731E-03,2.757861021255E-05
1.7480E-07,8.80282094236E-03,2.670612617676E-05
1.7500E-07,8.81727134343E-03,2.587269813102E-05
1.7520E-07,8.86475086678E-03,2.384501298238E-05
1.7540E-07,8.81469367538E-03,2.418368093949E-05
1.7560E-07,8.71158206370E-03,2.876132883411E-05
1.7580E-07,8.68671575095E-03,2.837697875966E-05
1.7600E-07,8.66824040655E-03,2.427495497559E-05
1.7620E-07,8.70271284599E-03,2.677414285299E-05
1.7640E-07,8.79571401980E-03,3.479388694559E-05
1.7660E-07,8.97314517293E-03,3.158614056465E-05
1.7680E-07,8.96021026652E-03,2.728957923409E-05
1.7700E-07,8.80092709791E-03,3.001028097515E-05
1.7720E-07,8.71739258524E-03,3.050912775379E-05
1.7740E-07,8.78688158933E-03,2.886745094602E-05
1.7760E-07,8.74915347900E-03,2.271097384673E-05
1.7780E-07,8.78300309647E-03,2.254409951438E-05
1.7800E-07,8.81764084566E-03,2.376316816826E-05
1.7820E-07,8.77197064925E-03,2.606781156082E-05
1.7840E-07,8.69587367866E-03,2.153842685093E-05
1.7860E-07,8.86994741391E-03,2.180376335327E-05
1.7880E-07,8.97732215468E-03,2.681496118475E-05
1.7900E-07,8.87088362593E-03,2.287101390120E-05
1.7920E-07,8.94376753364E-03,1.947505081352E-05
1.7940E-07,8.93061562907E-03,1.931554501225E-05
1.7960E-07,8.80219346378E-03,2.210232762900E-05
1.7980E-07,8.83334015030E-03,2.155228274223E-05
1.8000E-07,8.94417894538E-03,1.997376576346E-05
1.8020E-07,8.78644689452E-03,2.208386467118E-05
1.8040E-07,8.66718614939E-03,2.397929786985E-05
1.8060E-07,8.80945312325E-03,2.383627759573E-05
1.8080E-07,8.88667839114E-03,2.714773848001E-05
1.8100E-07,8.74065492768E-03,2.421418887843E-05
1.8120E-07,8.75121007208E-03,2.729775261414E-05
1.8140E-07,8.81935354788E-03,2.918924482819E-05
1.8160E-07,8.75357074197E-03,2.336575317477E-05
1.8180E-07,8.67934945505E-03,2.020397338365E-05
1.8200E-07,8.82072771434E-03,2.370556596015E-05
1.8220E-07,8.96170643624E-03,2.231052679290E-05
1.8240E-07,8.83575902786E-03,1.881605296676E-05
1.8260E-07,8.63157749642E-03,1.973886781652E-05
1.8280E-07,8.78042356577E-03,2.392307639402E-05
1.8300E-07,8.96216162015E-03,1.925572946948E-05
1.8320E-07,8.69477378670E-03,1.957109149825E-05
1.8340E-07,8.53612997103E-03,2.158049408627E-05
1.8360E-07,8.74326146673E-03,1.968139743712E-05
1.8380E-07,8.88916781638E-03,1.880155874696E-05
1.8400E-07,8.80627731327E-03,1.663482900058E-05
1.8420E-07,8.86530383956E-03,1.651118754689E-05
1.8440E-07,8.89361138921E-03,1.782653278951E-05
1.8460E-07,8.95913412329E-03,2.384669900220E-05
1.8480E-07,9.11140280310E-03,2.485698567052E-05
1.8500E-07,8.98682839703E-03,2.477053378989E-05
1.8520E-07,8.87446968350E-03,2.449865442049E-05
1.8540E-07,8.81350274663E-03,2.413067885955E-05
1.8560E-07,8.71672412846E-03,2.236928076763E-05
1.8580E-07,8.78844574559E-03,2.215286659357E-05
1.8600E-07,8.95338087808E-03,1.846487515886E-05
1.8620E-07,9.08971183468E-03,2.245215245803E-05
1.8640E-07,8.88553193305E-03,2.104987658840E-05
1.8660E-07,8.64897273946E-03,1.807662572992E-05
1.8680E-07,8.76415987965E-03,1.574749688898E-05
1.8700E-07,8.84100260679E-03,1.933767142054E-05
1.8720E-07,8.75964622479E-03,2.109881973174E-05
1.8740E-07,8.75617239158E-03,1.889417188522E-05
1.8760E-07,8.82417547051E-03,1.663223405649E-05
1.8780E-07,8.69734190870E-03,1.946641256381E-05
1.8800E-07,8.75951956492E-03,2.532289608662E-05
1.8820E-07,8.85872544255E-03,2.155498869997E-05
1.8840E-07,8.73104903381E-03,1.905595346634E-05
1.8860E-07,8.68950413074E-03,2.541113806237E-05
1.8880E-07,8.70417804923E-03,2.430274308008E-05
1.8900E-07,8.72100355569E-03,1.952286300529E-05
1.8920E-07,8.81369064096E-03,2.079574552645E-05
1.8940E-07,8.84389739018E-03,2.318591799867E-05
1.8960E-07,8.84125662502E-03,2.020388318506E-05
1.8980E-07,8.80019437987E-03,1.557312913519E-05
1.9000E-07,8.84320728015E-03,1.852486416046E-05
1.9020E-07,8.90781708527E-03,2.571255400126E-05
1.9040E-07,8.91813194845E-03,2.674187257235E-05
1.9060E-07,8.87113298755E-03,2.434750933480E-05
1.9080E-07,8.75328389462E-03,1.907949529868E-05
1.9100E-07,8.74692738522E-03,1.789688075241E-05
1.9120E-07,8.76619831193E-03,1.726155656670E-05
1.9140E-07,8.72062450740E-03,2.084484825191E-05
1.9160E-07,8.71818607207E-03,2.462378068176E-05
1.9180E-07,8.82137638051E-03,2.285865669419E-05
1.9200E-07,8.73928332236E-03,2.038491175790E-05
1.9220E-07,8.67508073803E-03,1.991111243424E-05
1.9240E-07,8.76759133767E-03,1.935472589266E-05
1.9260E-07,8.82581064012E-03,2.114223300759E-05
1.9280E-07,8.76762370113E-03,2.334101794568E-05
1.9300E-07,8.76436896156E-03,1.670610670280E-05
1.9320E-07,8.87781126890E-03,1.518050160539E-05
1.9340E-07,8.91537360381E-03,1.729006625992E-05
1.9360E-07,8.84751883801E-03,2.303618139867E-05
1.9380E-07,8.87150807772E-03,2.230879914296E-05
1.9400E-07,8.74753623735E-03,1.856479438302E-05
1.9420E-07,8.69375678245E-03,1.635464442242E-05
1.9440E-07,8.71307101566E-03,1.778070496675E-05
1.9460E-07,8.78652628977E-03,1.948661704828E-05
1.9480E-07,8.73195590917E-03,1.943160284591E-05
1.9500E-07,8.69992795866E-03,1.838436944690E-05
1.9520E-07,8.81501637865E-03,2.134119722341E-05
1.9540E-07,8.71918165591E-03,2.550113544148E-05
1.9560E-07,8.66943180095E-03,2.531628383604E-05
1.9580E-07,8.87353184167E-03,2.636332296115E-05
1.9600E-07,8.83930969518E-03,1.990194686968E-05
1.9620E-07,8.80359347444E-03,1.741948736180E-05
1.9640E-07,8.68487522472E-03,2.270869112854E-05
1.9660E-07,8.81347666960E-03,2.411268077139E-05
1.9680E-07,8.78024312202E-03,2.156896254328E-05
1.9700E-07,8.75760430004E-03,2.460547036771E-05
1.9720E-07,8.82873010356E-03,2.635786247720E-05
1.9740E-07,8.75850931276E-03,2.255724769366E-05
1.9760E-07,8.75793748069E-03,2.262235026155E-05
1.9780E-07,8.77053687815E-03,2.372663080041E-05
1.9800E-07,8.71782495174E-03,2.251547186915E-05
1.9820E-07,8.79584324080E-03,2.213704020996E-05
1.9840E-07,8.97145016584E-03,1.944935115334E-05
1.9860E-07,8.82197405677E-03,1.647474037763E-05
1.9880E-07,8.62002234440E-03,1.345171377343E-05
1.9900E-07,8.72663386632E-03,1.482452245709E-05
1.9920E-07,8.86326424312E-03,1.921455728170E-05
1.9940E-07,8.76912941690E-03,2.438617677708E-05
1.9960E-07,8.78842036705E-03,2.335129364674E-05
1.9980E-07,8.83233921137E-03,2.158963189740E-05
2.0000E-07,8.88399781193E-03,2.146353426669E-05
2.0020E-07,8.96053995471E-03,2.298842471373E-05
2.0040E-07,8.98548775818E-03,2.288487673086E-05
2.0060E-07,8.84301356506E-03,1.908266612609E-05
2.0080E-07,8.91704486217E-03,1.931834116858E-05
2.0100E-07,8.86761188973E-03,2.221406980698E-05
2.0120E-07,8.71631364804E-03,2.867827674654E-05
2.0140E-07,8.79756013397E-03,2.439745853935E-05
2.0160E-07,8.72159052174E-03,2.038611209300E-05
2.0180E-07,8.66305084433E-03,1.417709084508E-05
2.0200E-07,8.64544512238E-03,1.297060142551E-05
2.0220E-07,8.78784993198E-03,1.783660727833E-05
2.0240E-07,8.85194494855E-03,1.966885983293E-05
2.0260E-07,8.85023201350E-03,2.010444270727E-05
2.0280E-07,8.88600993436E-03,1.979747608584E-05
2.0300E-07,8.76384346280E-03,2.133091458400E-05
2.0320E-07,8.72531604487E-03,1.892588015926E-05
2.0340E-07,8.82725209463E-03,1.524331451674E-05
2.0360E-07,8.78226851579E-03,1.879374616128E-05
2.0380E-07,8.77019345295E-03,2.240384070483E-05
2.0400E-07,8.84601917583E-03,1.729921100941E-05
2.0420E-07,8.71265937108E-03,1.495599731152E-05
2.0440E-07,8.68108753580E-03,2.175590953138E-05
2.0460E-07,8.94747326616E-03,2.612304779050E-05
2.0480E-07,8.86995207053E-03,1.759536767658E-05
2.0500E-07,8.72623851988E-03,1.063296616357E-05
2.0520E-07,8.64852849860E-03,1.306333251577E-05
2.0540E-07,8.71817256790E-03,1.876001882647E-05
2.0560E-07,8.63251463976E-03,2.358143882175E-05
2.0580E-07,8.64059363026E-03,2.292671500054E-05
2.0600E-07,8.71291571762E-03,1.823550014105E-05
2.0620E-07,8.73706258368E-03,1.956169002969E-05
2.0640E-07,8.71455950197E-03,2.419725929667E-05
2.0660E-07,8.71814858634E-03,2.451115733293E-05
2.0680E-07,8.60661199782E-03,2.423608632107E-05
2.0700E-07,8.55830196757E-03,2.020670015645E-05
2.0720E-07,8.50996981840E-03,1.499333258998E-05
2.0740E-07,8.65150733385E-03,1.258995643166E-05
2.0760E-07,8.83387822192E-03,1.490256505367E-05
2.0780E-07,8.76898366492E-03,1.516463359167E-05
2.0800E-07,8.61187490169E-03,1.349777750020E-05
2.0820E-07,8.61199248116E-03,1.472959884722E-05
2.0840E-07,8.56905455235E-03,1.716675784719E-05
2.0860E-07,8.74734508339E-03,1.998825998326E-05
2.0880E-07,8.77236133907E-03,2.413959464338E-05
2.0900E-07,8.58140831347E-03,2.245401193668E-05
2.0920E-07,8.54719664436E-03,1.893078557496E-05
2.0940E-07,8.68470153306E-03,1.715393577051E-05
2.0960E-07,8.68319837842E-03,1.619135721867E-05
2.0980E-07,8.79416150506E-03,1.392221044098E-05
2.1000E-07,8.94743391778E-03,1.416379002203E-05
2.1020E-07,8.85272749234E-03,1.596565952805E-05
2.1040E-07,8.82602670696E-03,1.704437223543E-05
2.1060E-07,8.80249474663E-03,2.101075815317E-05
2.1080E-07,8.74479186255E-03,1.720501592663E-05
2.1100E-07,8.72431440744E-03,1.293070589472E-05
2.1120E-07,8.81604781840E-03,1.676062828210E-05
2.1140E-07,8.86897301767E-03,2.260014059302E-05
2.1160E-07,8.66170880850E-03,1.580437057000E-05
2.1180E-07,8.79602764267E-03,1.315636195522E-05
2.1200E-07,8.90536584426E-03,1.349283045438E-05
2.1220E-07,8.80606799852E-03,1.570443053078E-05
2.1240E-07,8.59165006783E-03,1.289155276772E-05
2.1260E-07,8.73491029721E-03,1.451138070133E-05
2.1280E-07,8.79133587237E-03,1.728040807229E-05
2.1300E-07,8.76977575477E-03,1.945101635811E-05
2.1320E-07,8.84260727558E-03,2.105413673726E-05
2.1340E-07,8.85305089410E-03,2.331962700282E-05
2.1360E-07,8.90532766003E-03,2.380941229221E-05
2.1380E-07,8.71473272797E-03,1.709558422026E-05
2.1400E-07,8.64096336532E-03,1.348363019806E-05
2.1420E-07,8.71205028612E-03,1.595174812992E-05
2.1440E-07,8.69137492496E-03,1.757977025863E-05
2.1460E-07,8.58525979798E-03,1.870369327535E-05
2.1480E-07,8.67863559630E-03,2.095189316478E-05
2.1500E-07,8.94450816791E-03,2.150591372792E-05
2.1520E-07,9.00322223548E-03,1.866222273838E-05
2.1540E-07,8.93834840041E-03,2.123416618724E-05
2.1560E-07,8.86687404942E-03,2.273789465707E-05
2.1580E-07,8.78808066714E-03,2.113882627618E-05
2.1600E-07,8.87262892444E-03,1.366089124512E-05
2.1620E-07,8.83193222340E-03,1.628999284749E-05
2.1640E-07,8.73364253435E-03,2.584648503271E-05
2.1660E-07,8.70475966018E-03,2.451710350160E-05
2.1680E-07,8.80006120074E-03,1.348798054551E-05
2.1700E-07,8.75477564055E-03,1.241507523973E-05
2.1720E-07,8.79510004539E-03,1.746275493224E-05
2.1740E-07,8.70716526639E-03,1.969478845876E-05
2.1760E-07,8.77304399852E-03,1.883517506812E-05
2.1780E-07,8.79464975092E-03,2.056204097626E-05
2.1800E-07,8.66831095423E-03,2.236380640697E-05
2.1820E-07,8.61329819541E-03,1.807627881226E-05
2.1840E-07,8.63433793653E-03,1.452005364281E-05
2.1860E-07,8.68066983763E-03,1.700664147083E-05
2.1880E-07,8.77960400190E-03,1.874972231035E-05
2.1900E-07,8.97802693304E-03,2.488898535539E-05
2.1920E-07,8.93302868586E-03,1.936702759285E-05
2.1940E-07,8.90828926582E-03,1.692381834891E-05
2.1960E-07,8.86010799091E-03,2.077672750038E-05
2.1980E-07,8.89038458932E-03,2.468114698586E-05
2.2000E-07,8.81901082117E-03,2.607778891270E-05
2.2020E-07,8.76204228494E-03,2.356089435798E-05
2.2040E-07,8.81782967131E-03,2.633912198526E-05
2.2060E-07,8.92587333452E-03,2.775987468940E-05
2.2080E-07,8.90051807742E-03,2.567920133752E-05
2.2100E-07,8.81414303090E-03,2.552369896603E-05
2.2120E-07,8.78081239294E-03,2.517989662756E-05
2.2140E-07,8.79669237416E-03,2.862678028923E-05
2.2160E-07,8.71114643756E-03,2.766561022308E-05
2.2180E-07,8.64799228962E-03,2.340422634315E-05
2.2200E-07,8.57462968212E-03,2.227516894509E-05
2.2220E-07,8.69597146753E-03,2.227201199439E-05
2.2240E-07,8.74359138776E-03,2.154428975937E-05
2.2260E-07,8.76896736678E-03,2.118019967620E-05
2.2280E-07,8.74261047225E-03,2.070912712534E-05
2.2300E-07,8.82747025695E-03,1.972332590540E-05
2.2320E-07,8.72677286621E-03,2.300501431618E-05
2.2340E-07,8.73736223671E-03,2.792547236477E-05
2.2360E-07,8.57901388314E-03,2.490980735329E-05
2.2380E-07,8.60269671772E-03,1.950823001844E-05
2.2400E-07,8.63324502949E-03,1.451550208312E-05
2.2420E-07,8.78364198375E-03,1.534324761760E-05
2.2440E-07,8.79729424138E-03,2.055590053369E-05
2.2460E-07,8.74691201839E-03,2.334304394480E-05
2.2480E-07,8.77512131352E-03,2.348152653594E-05
2.2500E-07,8.71855394449E-03,2.760764722061E-05
2.2520E-07,8.63558800425E-03,3.238916474674E-05
2.2540E-07,8.60133675393E-03,3.446731947642E-05
2.2560E-07,8.63659476396E-03,3.202373556141E-05
2.2580E-07,8.54996895883E-03,2.898207947892E-05
2.2600E-07,8.52388657164E-03,2.662913127151E-05
2.2620E-07,8.82057218347E-03,2.128604425397E-05
2.2640E-07,8.89011566993E-03,2.460970276315E-05
2.2660E-07,8.77688803244E-03,2.639077802469E-05
2.2680E-07,8.69971165899E-03,3.109067276400E-05
2.2700E-07,8.80780933890E-03,2.894129583892E-05
2.2720E-07,8.71934137773E-03,2.957086119149E-05
2.2740E-07,8.80622515920E-03,2.733143831883E-05
2.2760E-07,8.79545650910E-03,2.251744236146E-05
2.2780E-07,8.87912117410E-03,1.806852867176E-05
2.2800E-07,8.69376050774E-03,1.870178522822E-05
2.2820E-07,8.58386723790E-03,1.954843083677E-05
2.2840E-07,8.53237394709E-03,2.142377056462E-05
2.2860E-07,8.71941774618E-03,2.620423346107E-05
2.2880E-07,8.69991398882E-03,2.246197716613E-05
2.2900E-07,8.81375234108E-03,2.329205398728E-05
2.2920E-07,8.79583951551E-03,2.611654655357E-05
2.2940E-07,8.89581466559E-03,2.476012626012E-05
2.2960E-07,8.96689716261E-03,1.920421219711E-05
2.2980E-07,8.99485965725E-03,1.841670217272E-05
2.3000E-07,8.69770326186E-03,1.979642839451E-05
2.3020E-07,8.66536378395E-03,2.293155103271E-05
2.3040E-07,8.77471060026E-03,3.039964054060E-05
2.3060E-07,8.66501593497E-03,3.404657773954E-05
2.3080E-07,8.67260411847E-03,2.971652497817E-05
2.3100E-07,8.75485131051E-03,2.705094845314E-05
2.3120E-07,8.72192952316E-03,2.522239404079E-05
2.3140E-07,8.74415087979E-03,2.436041467172E-05
2.3160E-07,8.75246549491E-03,2.700317789149E-05
2.3180E-07,8.82157684769E-03,2.795044349787E-05
2.3200E-07,8.59067869838E-03,2.056741819997E-05
2.3220E-07,8.51556776557E-03,1.936483507325E-05
2.3240E-07,8.64687097724E-03,2.203046016675E-05
2.3260E-07,8.68402772117E-03,2.309159108718E-05
2.3280E-07,8.65695300978E-03,2.272826422286E-05
2.3300E-07,8.76789052505E-03,1.929893459473E-05
2.3320E-07,8.77380745020E-03,1.881597664487E-05
2.3340E-07,8.81068083923E-03,1.597039842327E-05
2.3360E-07,8.85437989142E-03,1.798424155731E-05
2.3380E-07,8.69845763314E-03,2.208549518418E-05
2.3400E-07,8.68075645063E-03,2.413863715064E-05
2.3420E-07,8.78658985253E-03,2.264714099747E-05
2.3440E-07,8.71907129418E-03,2.524671990705E-05
2.3460E-07,8.56585219968E-03,2.736913439166E-05
2.3480E-07,8.62435415853E-03,2.567316497025E-05
2.3500E-07,8.78177258652E-03,2.166333802324E-05
2.3520E-07,8.62287312280E-03,1.729236979318E-05
2.3540E-07,8.54933589231E-03,1.760365207028E-05
2.3560E-07,8.68018997367E-03,1.958858308662E-05
2.3580E-07,8.76880415250E-03,1.728074111325E-05
2.3600E-07,8.76557572279E-03,2.177820246015E-05
2.3620E-07,8.71915534604E-03,2.742203239632E-05
2.3640E-07,8.66722689476E-03,2.992373889592E-05
2.3660E-07,8.76047300640E-03,2.714204209205E-05
2.3680E-07,8.88097054791E-03,2.323185683508E-05
2.3700E-07,8.76810519490E-03,2.516106593703E-05
2.3720E-07,8.61018152442E-03,2.479259081465E-05
2.3740E-07,8.66416028235E-03,2.383926802595E-05
2.3760E-07,8.66125432309E-03,2.583991441224E-05
2.3780E-07,8.63490208518E-03,2.772462091689E-05
2.3800E-07,8.69314793032E-03,2.968000842538E-05
2.3820E-07,8.81425432395E-03,2.793289640267E-05
2.3840E-07,8.91312236432E-03,2.369244553429E-05
2.3860E-07,8.68606475647E-03,2.875010257867E-05
2.3880E-07,8.63397076260E-03,2.527162165661E-05
2.3900E-07,8.72977591585E-03,2.080581307691E-05
2.3920E-07,8.78909045365E-03,2.395830241312E-05
2.3940E-07,8.68712483439E-03,2.486078094971E-05
2.3960E-07,8.50005542394E-03,2.434807827976E-05
2.3980E-07,8.46315968316E-03,2.090713384841E-05
2.4000E-07,8.61343207303E-03,1.869538806659E-05
2.4020E-07,8.73319736216E-03,2.108236889635E-05
2.4040E-07,8.75908370595E-03,2.643938812707E-05
2.4060E-07,8.61797972117E-03,2.695898058173E-05
2.4080E-07,8.65770458709E-03,2.612950739731E-05
2.4100E-07,8.66688230541E-03,2.287215872948E-05
2.4120E-07,8.70778576005E-03,2.432650693972E-05
2.4140E-07,8.82215496618E-03,2.805453961064E-05
2.4160E-07,8.86594901327E-03,2.281610377413E-05
2.4180E-07,8.73378386255E-03,2.227035372798E-05
2.4200E-07,8.76491192263E-03,2.845747059491E-05
2.4220E-07,8.80556019489E-03,2.479871738051E-05
2.4240E-07,8.73804675881E-03,2.275787017588E-05
2.4260E-07,8.58129445929E-03,2.697874101159E-05
2.4280E-07,8.55444722343E-03,2.356663237606E-05
2.4300E-07,8.67178758141E-03,1.754496747908E-05
2.4320E-07,8.74239952769E-03,1.693550947402E-05
2.4340E-07,8.72033440042E-03,2.345478612278E-05
2.4360E-07,8.70388281997E-03,2.652339770739E-05
2.4380E-07,8.69003731292E-03,2.684292274807E-05
2.4400E-07,8.84071226697E-03,2.465610646923E-05
2.4420E-07,8.82941090036E-03,2.538373156731E-05
2.4440E-07,8.70476548094E-03,2.596835720633E-05
2.4460E-07,8.77598604653E-03,2.568890115526E-05
2.4480E-07,8.68510945234E-03,2.745281786938E-05
2.4500E-07,8.43906776514E-03,2.920947012772E-05
2.4520E-07,8.54812936392E-03,2.738611948025E-05
2.4540E-07,8.78041332122E-03,2.722836214398E-05
2.4560E-07,8.90704548452E-03,3.105881878455E-05
2.4580E-07,8.81522802170E-03,3.154673765693E-05
2.4600E-07,8.66599824745E-03,2.879433458020E-05
2.4620E-07,8.73325556982E-03,2.297014909145E-05
2.4640E-07,8.85722112376E-03,2.501678982098E-05
2.4660E-07,8.77464424353E-03,3.015469585825E-05
2.4680E-07,8.63233442884E-03,3.258221054730E-05
2.4700E-07,8.56274763588E-03,2.968657210749E-05
2.4720E-07,8.70136848185E-03,2.703237448168E-05
2.4740E-07,8.72550766449E-03,2.796536095720E-05
2.4760E-07,8.74010451604E-03,3.147313560639E-05
2.4780E-07,8.78487039823E-03,3.560345399473E-05
2.4800E-07,8.66352325771E-03,3.183560211491E-05
2.4820E-07,8.58172775712E-03,2.603839988169E-05
2.4840E-07,8.74276553746E-03,2.563417836372E-05
2.4860E-07,8.75970885623E-03,2.614392529522E-05
2.4880E-07,8.66940083448E-03,2.684843180050E-05
2.4900E-07,8.60112091992E-03,3.031980091055E-05
2.4920E-07,8.63932842854E-03,2.802200567257E-05
2.4940E-07,8.73052143957E-03,2.985339093302E-05
2.4960E-07,8.59673671890E-03,3.689320365247E-05
2.4980E-07,8.43731222208E-03,4.071383558494E-05
2.5000E-07,8.61152425874E-03,4.014549426083E-05
2.5020E-07,8.72604480479E-03,3.556413434726E-05
2.5040E-07,8.74871622305E-03,2.810636910890E-05
2.5060E-07,8.67094450164E-03,3.075394754578E-05
2.5080E-07,8.60266435426E-03,3.696597310063E-05
2.5100E-07,8.60682946164E-03,3.638614880201E-05
2.5120E-07,8.61107978504E-03,3.256442754809E-05
2.5140E-07,8.76493567135E-03,3.121633327846E-05
2.5160E-07,8.66869465914E-03,3.617508409825E-05
2.5180E-07,8.66351371165E-03,3.907045194228E-05
2.5200E-07,8.67897646036E-03,3.662960867678E-05
2.5220E-07,8.67184741888E-03,3.628636140656E-05
2.5240E-07,8.62551551778E-03,3.774202096556E-05
2.5260E-07,8.70166813489E-03,3.659488915746E-05
2.5280E-07,8.63427670207E-03,3.133279353660E-05
2.5300E-07,8.64675875287E-03,3.193867135142E-05
2.5320E-07,8.56200118083E-03,3.542174546328E-05
2.5340E-07,8.72526645195E-03,3.778523996752E-05
2.5360E-07,8.78567995038E-03,3.676934710984E-05
2.5380E-07,8.53555650916E-03,3.410380527657E-05
2.5400E-07,8.51609023753E-03,3.689911512938E-05
2.5420E-07,8.91852776054E-03,3.910455394816E-05
2.5440E-07,8.93126825336E-03,3.740959058796E-05
2.5460E-07,8.72363617178E-03,3.491752146092E-05
2.5480E-07,8.71539163869E-03,3.616264363100E-05
2.5500E-07,8.72017211746E-03,3.767716124002E-05
2.5520E-07,8.70892057661E-03,3.657238113974E-05
2.5540E-07,8.60895427409E-03,3.953918626812E-05
2.5560E-07,8.65524426568E-03,4.022089334485E-05
2.5580E-07,8.73917319346E-03,3.835748758447E-05
2.5600E-07,8.84424873162E-03,3.745903329272E-05
2.5620E-07,8.71728571597E-03,3.764146341291E-05
2.5640E-07,8.47189153079E-03,3.468530865666E-05
2.5660E-07,8.54639244731E-03,3.470803176333E-05
2.5680E-07,8.51816103328E-03,3.845399313886E-05
2.5700E-07,8.49064347800E-03,3.299985777867E-05
2.5720E-07,8.53393018711E-03,3.662099124212E-05
2.5740E-07,8.61405885313E-03,3.869600289781E-05
2.5760E-07,8.65110616665E-03,3.633867658955E-05
2.5780E-07,8.77165912185E-03,3.322918422800E-05
2.5800E-07,8.70745141525E-03,3.490732208174E-05
2.5820E-07,8.65207124967E-03,3.914667669032E-05
2.5840E-07,8.71065330226E-03,3.683706543688E-05
2.5860E-07,8.72418472078E-03,3.471240292583E-05
2.5880E-07,8.57536333147E-03,3.573029402923E-05
2.5900E-07,8.70827214327E-03,4.000796916243E-05
2.5920E-07,8.65958213340E-03,4.382352222037E-05
2.5940E-07,8.57622596901E-03,4.157572475542E-05
2.5960E-07,8.68344308343E-03,3.173663344514E-05
2.5980E-07,8.71116855647E-03,3.109159556497E-05
2.6000E-07,8.65327242296E-03,3.394477128331E-05
2.6020E-07,8.66346621420E-03,3.382398149279E-05
2.6040E-07,8.70185765903E-03,3.369259683695E-05
2.6060E-07,8.66718125995E-03,4.003834527266E-05
2.6080E-07,8.61993014347E-03,3.550433961955E-05
2.6100E-07,8.66115420591E-03,3.469760341850E-05
2.6120E-07,8.83091847878E-03,3.262378515956E-05
2.6140E-07,8.98351475131E-03,3.154906200525E-05
2.6160E-07,8.97287648637E-03,3.592517155503E-05
2.6180E-07,8.81593536120E-03,4.198532349710E-05
2.6200E-07,8.64182763267E-03,3.663221749757E-05
2.6220E-07,8.61141808797E-03,3.056580022257E-05
2.6240E-07,8.72946252581E-03,3.734299627413E-05
2.6260E-07,8.79819762427E-03,4.185397353303E-05
2.6280E-07,8.88850890566E-03,3.709371512104E-05
2.6300E-07,8.68496695999E-03,3.273180838023E-05
2.6320E-07,8.55372288730E-03,3.757194805239E-05
2.6340E-07,8.54757941794E-03,3.851965771337E-05
2.6360E-07,8.58803653624E-03,3.075716000330E-05
2.6380E-07,8.63717334811E-03,2.915478202794E-05
2.6400E-07,8.67485256400E-03,3.653649597709E-05
2.6420E-07,8.60745903570E-03,4.040645266232E-05
2.6440E-07,8.77800329123E-03,3.795197553281E-05
2.6460E-07,8.97925860714E-03,3.472125626449E-05
2.6480E-07,8.85249652434E-03,3.772881034110E-05
2.6500E-07,8.70677690487E-03,3.565969628562E-05
2.6520E-07,8.86191056576E-03,3.202241033596E-05
2.6540E-07,9.05062632169E-03,3.159742926527E-05
2.6560E-07,8.85334728751E-03,3.544455183019E-05
2.6580E-07,8.83096667472E-03,3.880238866714E-05
2.6600E-07,8.88717781287E-03,3.802409971413E-05
2.6620E-07,8.88110908214E-03,3.433644132037E-05
2.6640E-07,8.95192801487E-03,2.903647616786E-05
2.6660E-07,8.84753862861E-03,2.905088018906E-05
2.6680E-07,8.72525341343E-03,3.082387920749E-05
2.6700E-07,8.56105309445E-03,2.930084130075E-05
2.6720E-07,8.67266279180E-03,3.205488182884E-05
2.6740E-07,8.67909217719E-03,3.735704643932E-05
2.6760E-07,8.60987674910E-03,3.531808646676E-05
2.6780E-07,8.54858361650E-03,3.462851129752E-05
2.6800E-07,8.59242376406E-03,2.841235048418E-05
2.6820E-07,8.66375725251E-03,2.932886530925E-05
2.6840E-07,8.76187231857E-03,3.737471842487E-05
2.6860E-07,8.63554073963E-03,3.393500902039E-05
2.6880E-07,8.54100102093E-03,2.619302108233E-05
2.6900E-07,8.65822519641E-03,3.013934128266E-05
2.6920E-07,8.62977236044E-03,3.271693948936E-05
2.6940E-07,8.64149584900E-03,2.802587033529E-05
2.6960E-07,8.82480923552E-03,2.338017107268E-05
2.6980E-07,8.71578721795E-03,2.695909159538E-05
2.7000E-07,8.52151472587E-03,3.239488194977E-05
2.7020E-07,8.63711630460E-03,3.256408063044E-05
2.7040E-07,8.79135729279E-03,3.286043850985E-05
2.7060E-07,8.85368885007E-03,3.321638296638E-05
2.7080E-07,8.85052887257E-03,3.790281730053E-05
2.7100E-07,8.72347435448E-03,3.775642498676E-05
2.7120E-07,8.75107200351E-03,3.624487699289E-05
2.7140E-07,8.71358394157E-03,3.259367964510E-05
2.7160E-07,8.57476751786E-03,2.485536903423E-05
2.7180E-07,8.72546133120E-03,2.409981012624E-05
2.7200E-07,8.76281504985E-03,3.341089969781E-05
2.7220E-07,8.60876149032E-03,3.037615421508E-05
2.7240E-07,8.59345427249E-03,2.347483102512E-05
2.7260E-07,8.69322895538E-03,2.716923349817E-05
2.7280E-07,8.83399463724E-03,3.184041733202E-05
2.7300E-07,8.73043319676E-03,3.008899659198E-05
2.7320E-07,8.54777592700E-03,3.109199105111E-05
2.7340E-07,8.47646688577E-03,3.133267558460E-05
2.7360E-07,8.67449447047E-03,2.615899539833E-05
2.7380E-07,8.89332873281E-03,2.611472870503E-05
2.7400E-07,8.75271322671E-03,2.787104098406E-05
2.7420E-07,8.62009824719E-03,2.999909634982E-05
2.7440E-07,8.60176283400E-03,2.861149509717E-05
2.7460E-07,8.51531467866E-03,2.679121120182E-05
2.7480E-07,8.61422649119E-03,2.701254466829E-05
2.7500E-07,8.86390080210E-03,2.573619990890E-05
2.7520E-07,9.01267865207E-03,2.289692171198E-05
2.7540E-07,8.89492781367E-03,2.126501410548E-05
2.7560E-07,8.77820166293E-03,2.096961371881E-05
2.7580E-07,8.84423033800E-03,2.760299158563E-05
2.7600E-07,8.76283647027E-03,3.042775474769E-05
2.7620E-07,8.71438161936E-03,2.757744456921E-05
2.7640E-07,8.81621918175E-03,2.868835817371E-05
2.7660E-07,8.84493162390E-03,2.588906570618E-05
2.7680E-07,8.85656500701E-03,2.157599803340E-05
2.7700E-07,8.69605971035E-03,2.045051388723E-05
2.7720E-07,8.58714060392E-03,2.302224918549E-05
2.7740E-07,8.74066633638E-03,2.612478931715E-05
2.7760E-07,8.78080401104E-03,2.291581484769E-05
2.7780E-07,8.69844855275E-03,2.259248758946E-05
2.7800E-07,8.64727237727E-03,2.696452432592E-05
2.7820E-07,8.68797606323E-03,2.795043655951E-05
2.7840E-07,8.73942488339E-03,2.795981721301E-05
2.7860E-07,8.78769998904E-03,2.801157038939E-05
2.7880E-07,8.71998073067E-03,2.513068982680E-05
2.7900E-07,8.66863575298E-03,2.371700036619E-05
2.7920E-07,8.68057530839E-03,2.915854955372E-05
2.7940E-07,8.74168613460E-03,2.931227570680E-05
2.7960E-07,8.67952873465E-03,2.380330654141E-05
2.7980E-07,8.77015503589E-03,2.247602733132E-05
2.8000E-07,8.70213146787E-03,1.860575842020E-05
2.8020E-07,8.68809946347E-03,1.729024665710E-05
2.8040E-07,8.56617909390E-03,2.744234789443E-05
2.8060E-07,8.58224254567E-03,2.602477989440E-05
2.8080E-07,8.73690030072E-03,1.893778637332E-05
2.8100E-07,8.74259300996E-03,2.083494722192E-05
2.8120E-07,8.79379526246E-03,2.248111314420E-05
2.8140E-07,8.69904762600E-03,2.336022330728E-05
2.8160E-07,8.59303191770E-03,1.820410409291E-05
2.8180E-07,8.72170251328E-03,1.428103431408E-05
2.8200E-07,8.69928045664E-03,2.277722124290E-05
2.8220E-07,8.63171556499E-03,2.444997493458E-05
2.8240E-07,8.77660793718E-03,2.529013318290E-05
2.8260E-07,8.73379643541E-03,2.878169290070E-05
2.8280E-07,8.67382601369E-03,2.885680751224E-05
2.8300E-07,8.66831002291E-03,2.360595896189E-05
2.8320E-07,8.58461671974E-03,2.346653969307E-05
2.8340E-07,8.51486205589E-03,2.273882439640E-05
2.8360E-07,8.60589534510E-03,2.136502352823E-05
2.8380E-07,8.61210167874E-03,2.138207800035E-05
2.8400E-07,8.72430276591E-03,2.560101303552E-05
2.8420E-07,8.71104375925E-03,2.738401715924E-05
2.8440E-07,8.66454678122E-03,2.575467674342E-05
2.8460E-07,8.59375578817E-03,2.366707197671E-05
2.8480E-07,8.71473785024E-03,2.489266268258E-05
2.8500E-07,8.77643494401E-03,2.561678391230E-05
2.8520E-07,8.64977065008E-03,2.907251397428E-05
2.8540E-07,8.43949873466E-03,2.624664067571E-05
2.8560E-07,8.54548207950E-03,2.365231409949E-05
2.8580E-07,8.50718306843E-03,2.507220644784E-05
2.8600E-07,8.38242984842E-03,2.567245031987E-05
2.8620E-07,8.72862619813E-03,2.223886054289E-05
2.8640E-07,8.86923774611E-03,2.243087252882E-05
2.8660E-07,8.70915899519E-03,2.647013890837E-05
2.8680E-07,8.66773143876E-03,3.132426630054E-05
2.8700E-07,8.71378603857E-03,3.189311412443E-05
2.8720E-07,8.68419605773E-03,2.789064183180E-05
2.8740E-07,8.74462794978E-03,2.397428144050E-05
2.8760E-07,8.77219742630E-03,2.691898097564E-05
2.8780E-07,8.73993361834E-03,3.063394178916E-05
2.8800E-07,8.79320573527E-03,3.298546069582E-05
2.8820E-07,8.75949977431E-03,3.313467691933E-05
2.8840E-07,8.66672933567E-03,3.120606451575E-05
2.8860E-07,8.75826297793E-03,3.123195151147E-05
2.8880E-07,8.72219983954E-03,3.148789348361E-05
2.8900E-07,8.64321204368E-03,3.120290756506E-05
2.8920E-07,8.64615828264E-03,3.099624177721E-05
2.8940E-07,8.73679436277E-03,2.971076614504E-05
2.8960E-07,8.66930211428E-03,2.954695856479E-05
2.8980E-07,8.71328498702E-03,3.222888184991E-05
2.9000E-07,8.71253876481E-03,3.331138983649E-05
2.9020E-07,8.70278362650E-03,2.669780709129E-05
2.9040E-07,8.77061138395E-03,2.853687310871E-05
2.9060E-07,8.76318338793E-03,2.871257302631E-05
2.9080E-07,8.82275776472E-03,2.784863704164E-05
2.9100E-07,8.81694468204E-03,2.471575549152E-05
2.9120E-07,8.68939865846E-03,2.581097454113E-05
2.9140E-07,8.79601157736E-03,2.889259553794E-05
2.9160E-07,8.65680097137E-03,2.931428782922E-05
2.9180E-07,8.65403843578E-03,3.014018082340E-05
2.9200E-07,8.66334677208E-03,3.093329703715E-05
2.9220E-07,8.70649983641E-03,3.580212679972E-05
2.9240E-07,8.69912073482E-03,3.444155043271E-05
2.9260E-07,8.69504224043E-03,2.734405918327E-05
2.9280E-07,8.64326210227E-03,2.890314877313E-05
2.9300E-07,8.60671001952E-03,3.843260913436E-05
2.9320E-07,8.60227901954E-03,4.012408250291E-05
2.9340E-07,8.68601423222E-03,3.556481430587E-05
2.9360E-07,8.79511517938E-03,3.329975421820E-05
2.9380E-07,8.82480970118E-03,3.478218888213E-05
2.9400E-07,8.79795338493E-03,2.976697374415E-05
2.9420E-07,8.75813259277E-03,2.910346596782E-05
2.9440E-07,8.72643596027E-03,3.676577385795E-05
2.9460E-07,8.74304167461E-03,3.951399310772E-05
2.9480E-07,8.62005400937E-03,3.483247806598E-05
2.9500E-07,8.59367057215E-03,3.626997995470E-05
2.9520E-07,8.71679723728E-03,3.912940712926E-05
2.9540E-07,8.85244925972E-03,3.988580557798E-05
2.9560E-07,8.87441496830E-03,3.726442636271E-05
2.9580E-07,8.83893274236E-03,3.710310271290E-05
2.9600E-07,8.66503805388E-03,4.118119611685E-05
2.9620E-07,8.57009483967E-03,4.056942764018E-05
2.9640E-07,8.54540966917E-03,3.545534790774E-05
2.9660E-07,8.70731870178E-03,3.285080807564E-05
2.9680E-07,8.68145075161E-03,3.740025850293E-05
2.9700E-07,8.80071708467E-03,4.602481884231E-05
2.9720E-07,8.72679917607E-03,4.314363993053E-05
2.9740E-07,8.69931351859E-03,3.906231325400E-05
2.9760E-07,8.72279681731E-03,3.869476787095E-05
2.9780E-07,8.72586505953E-03,4.397110793088E-05
2.9800E-07,8.64393288735E-03,4.319966019411E-05
2.9820E-07,8.63948093261E-03,4.086800579262E-05
2.9840E-07,8.76321807969E-03,3.908881082480E-05
2.9860E-07,8.77415366936E-03,3.898716395070E-05
2.9880E-07,8.68498279247E-03,4.242611013633E-05
2.9900E-07,8.83866894524E-03,3.912830393110E-05
2.9920E-07,8.76598736737E-03,3.647228151840E-05
2.9940E-07,8.63512420561E-03,3.424922622089E-05
2.9960E-07,8.57039146591E-03,3.882353676763E-05
2.9980E-07,8.61928822938E-03,3.906047459040E-05
3.0000E-07,8.67125882301E-03,3.960095148814E-05
3.0020E-07,8.69154000189E-03,4.088127886225E-05
3.0040E-07,8.77561235335E-03,4.045245394391E-05
3.0060E-07,8.84646923747E-03,4.101280922350E-05
3.0080E-07,8.97486765403E-03,4.498128358555E-05
3.0100E-07,8.77815137152E-03,4.607205515076E-05
3.0120E-07,8.54401082266E-03,4.131984522846E-05
3.0140E-07,8.61066115554E-03,3.599597744924E-05
3.0160E-07,8.67206302006E-03,3.639614003059E-05
3.0180E-07,8.56691088062E-03,3.929423464742E-05
3.0200E-07,8.72223755810E-03,4.290891544242E-05
3.0220E-07,8.78957846668E-03,4.323578126077E-05
3.0240E-07,8.68922892492E-03,4.090832456295E-05
3.0260E-07,8.52444815915E-03,3.985494378303E-05
3.0280E-07,8.58372637536E-03,4.118125856203E-05
3.0300E-07,8.82252470124E-03,3.666518161353E-05
3.0320E-07,8.80823681597E-03,3.797518432420E-05
3.0340E-07,8.67819182109E-03,4.008023211081E-05
3.0360E-07,8.68794253562E-03,4.378759542760E-05
3.0380E-07,8.62320094835E-03,4.373657077831E-05
3.0400E-07,8.59411085490E-03,4.596471882705E-05
3.0420E-07,8.70718761813E-03,4.901895414387E-05
3.0440E-07,8.72090995777E-03,4.645509387646E-05
3.0460E-07,8.66477588657E-03,4.226047083084E-05
3.0480E-07,8.57683412265E-03,4.096933350247E-05
3.0500E-07,8.59227102715E-03,4.148143947405E-05
3.0520E-07,8.65695137996E-03,4.406262480934E-05
3.0540E-07,8.74770969618E-03,4.190560875741E-05
3.0560E-07,8.73392146546E-03,3.980534149614E-05
3.0580E-07,8.62801285926E-03,4.474373518769E-05
3.0600E-07,8.67506606970E-03,4.952840966453E-05
3.0620E-07,8.73126952443E-03,4.605450805557E-05
3.0640E-07,8.83929293137E-03,4.190587241483E-05
3.0660E-07,8.81718729157E-03,4.699857508112E-05
3.0680E-07,8.68164423387E-03,4.663432541583E-05
3.0700E-07,8.67496734951E-03,4.403111774754E-05
3.0720E-07,8.70646025520E-03,4.385740913731E-05
3.0740E-07,8.52005161811E-03,4.682256987599E-05
3.0760E-07,8.57075654436E-03,4.154471031670E-05
3.0780E-07,8.83787545841E-03,3.476081181598E-05
3.0800E-07,8.85508955922E-03,3.815366652143E-05
3.0820E-07,8.70415918995E-03,4.773975078297E-05
3.0840E-07,8.80553807598E-03,4.434899839853E-05
3.0860E-07,8.83366168942E-03,3.830237624516E-05
3.0880E-07,8.66011810955E-03,4.379514435586E-05
3.0900E-07,8.65190966520E-03,4.904636757728E-05
3.0920E-07,8.61776947509E-03,4.786642429699E-05
3.0940E-07,8.69713934604E-03,4.404960845877E-05
3.0960E-07,8.69559148792E-03,4.220527623129E-05
3.0980E-07,8.57546414714E-03,4.317942101788E-05
3.1000E-07,8.48766371142E-03,4.775785294641E-05
3.1020E-07,8.70769681875E-03,4.649167981279E-05
3.1040E-07,8.72407226358E-03,4.445142236818E-05
3.1060E-07,8.65105447825E-03,4.425146596786E-05
3.1080E-07,8.59358000103E-03,4.756630583015E-05
3.1100E-07,8.60671188217E-03,4.570792343747E-05
3.1120E-07,8.68297346402E-03,3.928457645979E-05
3.1140E-07,8.72867974918E-03,4.242107289192E-05
3.1160E-07,8.71473668609E-03,4.608199087252E-05
3.1180E-07,8.73587328475E-03,4.477381988708E-05
3.1200E-07,8.69152719621E-03,4.400757591520E-05
3.1220E-07,8.77110824454E-03,4.785766115692E-05
3.1240E-07,8.68846500758E-03,4.753153080401E-05
3.1260E-07,8.71074177790E-03,4.278821585049E-05
3.1280E-07,8.80234037992E-03,4.049695654121E-05
3.1300E-07,8.73773942236E-03,4.497111889814E-05
3.1320E-07,8.79054867197E-03,4.622805708368E-05
3.1340E-07,8.80375785287E-03,4.607182618511E-05
3.1360E-07,8.74735160265E-03,4.711803270784E-05
3.1380E-07,8.57036911417E-03,4.668140908052E-05
3.1400E-07,8.46561348531E-03,4.840504865442E-05
3.1420E-07,8.74844613951E-03,4.514543114510E-05
3.1440E-07,8.89837999362E-03,4.159615820554E-05
3.1460E-07,8.80863588769E-03,4.359796329681E-05
3.1480E-07,8.93748669419E-03,4.297819489893E-05
3.1500E-07,8.92284979578E-03,4.225354635437E-05
3.1520E-07,8.68015178945E-03,4.011894812156E-05
3.1540E-07,8.62266590353E-03,3.996385511291E-05
3.1560E-07,8.70824723039E-03,4.224962618482E-05
3.1580E-07,8.77603983041E-03,4.327055628692E-05
3.1600E-07,8.64905003924E-03,4.424508268294E-05
3.1620E-07,8.70026067365E-03,4.458219644894E-05
3.1640E-07,8.74187146779E-03,4.095418013912E-05
3.1660E-07,8.69881595950E-03,3.977139213402E-05
3.1680E-07,8.58916366938E-03,4.971691084374E-05
3.1700E-07,8.59736419748E-03,5.017689590622E-05
3.1720E-07,8.61879486125E-03,4.368105701451E-05
3.1740E-07,8.69931328576E-03,4.221209663246E-05
3.1760E-07,8.81455886643E-03,4.455619843957E-05
3.1780E-07,8.71410711203E-03,4.456263723132E-05
3.1800E-07,8.57133326586E-03,4.186173755024E-05
3.1820E-07,8.49336014595E-03,4.200339096878E-05
3.1840E-07,8.40525959153E-03,3.908425926511E-05
3.1860E-07,8.60427554231E-03,4.285925764871E-05
3.1880E-07,8.79475312773E-03,4.502607065533E-05
3.1900E-07,8.72898312751E-03,4.553363200557E-05
3.1920E-07,8.70592381339E-03,4.362564732601E-05
3.1940E-07,8.63997104112E-03,4.486650240888E-05
3.1960E-07,8.67884188425E-03,4.616409240571E-05
3.1980E-07,8.77780375536E-03,4.496594982502E-05
3.2000E-07,8.76937412191E-03,4.503309920710E-05
3.2020E-07,8.47993419971E-03,4.395977066179E-05
3.2040E-07,8.54328951333E-03,4.435182924662E-05
3.2060E-07,8.58844678383E-03,4.137266691123E-05
3.2080E-07,8.66494422313E-03,3.771425367613E-05
3.2100E-07,8.66441546474E-03,4.319820313995E-05
3.2120E-07,8.72147783171E-03,4.963895150740E-05
3.2140E-07,8.67233799305E-03,4.275999062975E-05
3.2160E-07,8.64480553660E-03,3.902549835202E-05
3.2180E-07,8.68866454344E-03,4.395088263136E-05
3.2200E-07,8.63018447067E-03,4.749367514905E-05
3.2220E-07,8.64563208539E-03,5.007728890796E-05
3.2240E-07,8.70829635765E-03,4.740530134459E-05
3.2260E-07,8.74102280009E-03,4.103941780795E-05
3.2280E-07,8.59814324882E-03,4.101429403108E-05
3.2300E-07,8.53028173093E-03,4.177835242171E-05
3.2320E-07,8.68435345124E-03,4.180435043108E-05
3.2340E-07,8.70025811251E-03,3.709025982116E-05
3.2360E-07,8.53511319961E-03,3.632872005273E-05
3.2380E-07,8.62485637423E-03,3.730388477725E-05
3.2400E-07,8.64695456345E-03,3.534016430658E-05
3.2420E-07,8.51045480464E-03,3.744915307780E-05
3.2440E-07,8.54699338321E-03,4.000317476039E-05
3.2460E-07,8.57768069487E-03,3.989122443181E-05
3.2480E-07,8.47811975051E-03,3.711511300225E-05
3.2500E-07,8.51611352060E-03,3.623821617384E-05
3.2520E-07,8.52832455654E-03,4.079614526872E-05
3.2540E-07,8.40327494312E-03,4.009549648781E-05
3.2560E-07,8.56120629702E-03,3.994424038847E-05
3.2580E-07,8.76922743861E-03,4.440639245604E-05
3.2600E-07,8.71098997537E-03,4.311039828044E-05
3.2620E-07,8.50276021752E-03,3.962972483878E-05
3.2640E-07,8.57678452972E-03,3.792436782551E-05
3.2660E-07,8.52448680904E-03,3.481875400339E-05
3.2680E-07,8.60657404642E-03,4.154689589795E-05
3.2700E-07,8.58317084145E-03,4.662962815073E-05
3.2720E-07,8.44118279870E-03,4.090856740531E-05
3.2740E-07,8.46651803236E-03,3.770370737930E-05
3.2760E-07,8.50713766646E-03,4.067063045968E-05
3.2780E-07,8.65224424284E-03,4.069914709125E-05
3.2800E-07,8.72752234805E-03,3.610073964391E-05
3.2820E-07,8.59928691294E-03,3.648511747178E-05
3.2840E-07,8.53270340245E-03,4.069320786093E-05
3.2860E-07,8.71005283203E-03,3.751787746605E-05
3.2880E-07,8.72077864129E-03,3.347291469854E-05
3.2900E-07,8.54213676881E-03,3.578865945619E-05
3.2920E-07,8.52793549653E-03,3.956629441400E-05
3.2940E-07,8.59033038374E-03,4.303652563412E-05
3.2960E-07,8.62831716891E-03,4.280209949520E-05
3.2980E-07,8.70207000058E-03,4.227207869571E-05
3.3000E-07,8.59803125728E-03,4.067610482034E-05
3.3020E-07,8.65710062440E-03,4.158537600469E-05
3.3040E-07,8.66552816238E-03,4.140885042307E-05
3.3060E-07,8.63198611420E-03,4.048064447288E-05
3.3080E-07,8.58629938681E-03,3.684792395961E-05
3.3100E-07,8.61624303739E-03,3.879438180756E-05
3.3120E-07,8.64661695901E-03,4.075457759482E-05
3.3140E-07,8.65685196128E-03,3.241681408417E-05
3.3160E-07,8.67547887843E-03,3.300751078223E-05
3.3180E-07,8.72380963061E-03,3.590173379798E-05
3.3200E-07,8.64555315580E-03,3.693089972530E-05
3.3220E-07,8.78753048833E-03,3.361495666486E-05
3.3240E-07,8.81176420022E-03,3.134873787221E-05
3.3260E-07,8.80143862683E-03,3.479310985003E-05
3.3280E-07,8.72825343627E-03,3.526321796980E-05
3.3300E-07,8.54014187585E-03,3.686418052111E-05
3.3320E-07,8.55980023276E-03,4.077267975826E-05
3.3340E-07,8.69507949334E-03,3.966303587240E-05
3.3360E-07,8.63888768013E-03,3.482840525266E-05
3.3380E-07,8.46152940299E-03,3.299717957434E-05
3.3400E-07,8.56047427747E-03,3.588429771644E-05
3.3420E-07,8.70521507691E-03,3.636454277021E-05
3.3440E-07,8.63983110990E-03,3.637801705208E-05
3.3460E-07,8.78794748802E-03,3.751929289010E-05
3.3480E-07,8.72744574677E-03,4.044829787035E-05
3.3500E-07,8.57425016817E-03,3.932908599545E-05
3.3520E-07,8.61729822587E-03,3.886228747015E-05
3.3540E-07,8.73469469603E-03,3.909131557029E-05
3.3560E-07,8.69103266392E-03,3.829497302231E-05
3.3580E-07,8.57971679885E-03,3.756355264504E-05
3.3600E-07,8.52065604646E-03,3.567425295059E-05
3.3620E-07,8.63684948068E-03,3.667049639207E-05
3.3640E-07,8.46840954851E-03,3.717834915314E-05
3.3660E-07,8.40190776158E-03,3.482013473567E-05
3.3680E-07,8.62050407100E-03,3.581426197943E-05
3.3700E-07,8.74014130328E-03,4.039741198812E-05
3.3720E-07,8.89077271800E-03,4.194002992754E-05
3.3740E-07,8.93316908274E-03,3.381972134393E-05
3.3760E-07,8.69247993920E-03,3.319737187867E-05
3.3780E-07,8.61780370120E-03,3.881067999919E-05
3.3800E-07,8.71031499933E-03,3.727685989161E-05
3.3820E-07,8.67864048574E-03,3.231113602687E-05
3.3840E-07,8.84044893552E-03,3.684045135324E-05
3.3860E-07,8.93847319763E-03,4.550314488169E-05
3.3880E-07,8.79099035170E-03,3.735208551679E-05
3.3900E-07,8.59819028061E-03,3.081092530210E-05
3.3920E-07,8.63361732568E-03,3.440264708643E-05
3.3940E-07,8.76392448787E-03,3.683526146506E-05
3.3960E-07,8.50899169687E-03,3.287333690841E-05
3.3980E-07,8.55345350224E-03,3.225901511778E-05
3.4000E-07,8.65761867259E-03,3.829829649349E-05
3.4020E-07,8.63594004419E-03,4.115755714756E-05
3.4040E-07,8.63935497124E-03,3.747131417785E-05
3.4060E-07,8.80088751670E-03,3.675432557520E-05
3.4080E-07,8.76545604784E-03,3.136710369308E-05
3.4100E-07,8.65325542632E-03,2.987712703925E-05
3.4120E-07,8.65190058481E-03,3.743835006189E-05
3.4140E-07,8.69979640935E-03,4.526538139489E-05
3.4160E-07,8.72327155899E-03,4.266338793841E-05
3.4180E-07,8.86204723734E-03,3.502973544691E-05
3.4200E-07,8.86954531539E-03,3.530468850677E-05
3.4220E-07,8.76997552346E-03,4.083069132921E-05
3.4240E-07,8.65811227355E-03,4.165954006185E-05
3.4260E-07,8.63095071632E-03,4.182850977686E-05
3.4280E-07,8.66503223311E-03,3.901228078921E-05
3.4300E-07,8.67687632795E-03,3.824779222068E-05
3.4320E-07,8.68330268655E-03,3.422065408249E-05
3.4340E-07,8.67988054175E-03,2.996544533689E-05
3.4360E-07,8.77540979069E-03,3.295123379957E-05
3.4380E-07,8.68768176529E-03,3.770202135947E-05
3.4400E-07,8.55840161908E-03,3.524391547126E-05
3.4420E-07,8.58004509006E-03,3.393063091953E-05
3.4440E-07,8.80653971340E-03,3.336951935944E-05
3.4460E-07,8.82945863064E-03,3.750171804149E-05
3.4480E-07,8.67141202558E-03,4.138741091174E-05
3.4500E-07,8.53479771409E-03,3.885877666344E-05
3.4520E-07,8.55009724852E-03,3.595932906774E-05
3.4540E-07,8.69126735721E-03,3.535361083504E-05
3.4560E-07,8.72926904354E-03,3.967791170162E-05
3.4580E-07,8.70244532358E-03,4.513021533658E-05
3.4600E-07,8.61842629034E-03,4.027370115091E-05
3.4620E-07,8.59601052012E-03,3.607007906121E-05
3.4640E-07,8.63647741731E-03,3.838522018213E-05
3.4660E-07,8.72433443088E-03,3.934758364503E-05
3.4680E-07,8.72535958420E-03,3.651556296554E-05
3.4700E-07,8.66734680254E-03,3.915009036009E-05
3.4720E-07,8.62101699691E-03,4.196632628609E-05
3.4740E-07,8.72042660136E-03,3.628322527092E-05
3.4760E-07,8.73546676244E-03,3.625512494054E-05
3.4780E-07,8.60574773047E-03,3.867237086688E-05
3.4800E-07,8.45379383769E-03,3.896160999593E-05
3.4820E-07,8.66199914832E-03,4.271915148292E-05
3.4840E-07,8.77698582131E-03,4.156004407723E-05
3.4860E-07,8.73367489781E-03,3.796425641794E-05
3.4880E-07,8.56841263827E-03,3.420406448004E-05
3.4900E-07,8.61100504640E-03,3.825222582836E-05
3.4920E-07,8.65231153089E-03,4.369892327395E-05
3.4940E-07,8.70080782566E-03,4.144840597455E-05
3.4960E-07,8.64432450849E-03,3.980438400340E-05
3.4980E-07,8.58419925440E-03,4.434618836549E-05
3.5000E-07,8.53426243644E-03,4.571079591569E-05
3.5020E-07,8.50255998317E-03,4.291441755649E-05
3.5040E-07,8.47585943062E-03,4.137792618294E-05
3.5060E-07,8.62953929696E-03,4.560843439121E-05
3.5080E-07,8.65547546651E-03,4.771564694402E-05
3.5100E-07,8.56618072372E-03,4.709109108244E-05
3.5120E-07,8.63839035388E-03,4.604356627260E-05
3.5140E-07,8.67466699798E-03,4.568692798075E-05
3.5160E-07,8.68282421958E-03,4.427933039424E-05
3.5180E-07,8.71117437724E-03,4.082115803194E-05
3.5200E-07,8.55112961959E-03,4.272529192549E-05
3.5220E-07,8.43073615339E-03,4.329642940593E-05
3.5240E-07,8.60766043421E-03,4.188656297792E-05
3.5260E-07,8.69875542354E-03,4.643670030218E-05
3.5280E-07,8.61029281746E-03,4.913034246583E-05
3.5300E-07,8.69653980713E-03,4.630077102502E-05
3.5320E-07,8.88604090083E-03,4.140404908267E-05
3.5340E-07,8.77763402183E-03,4.151003936586E-05
3.5360E-07,8.61754619051E-03,4.357560792287E-05
3.5380E-07,8.60788977239E-03,4.691956805345E-05
3.5400E-07,8.67063343990E-03,4.399165239465E-05
3.5420E-07,8.72263174038E-03,4.722103949916E-05
3.5440E-07,8.70214078110E-03,4.700495836605E-05
3.5460E-07,8.59139791224E-03,4.489040503558E-05
3.5480E-07,8.79461040255E-03,4.732732813154E-05
3.5500E-07,9.01223743800E-03,4.392550907378E-05
3.5520E-07,8.84807064664E-03,4.583696986829E-05
3.5540E-07,8.70348654222E-03,5.303494928685E-05
3.5560E-07,8.60469556879E-03,5.419246087131E-05
3.5580E-07,8.56381446589E-03,5.037212728803E-05
3.5600E-07,8.49850570317E-03,5.087263233308E-05
3.5620E-07,8.62773206551E-03,5.314345819224E-05
3.5640E-07,8.63408112433E-03,5.291514474247E-05
3.5660E-07,8.54153140914E-03,4.742685186957E-05
3.5680E-07,8.51419220213E-03,4.699559852761E-05
3.5700E-07,8.64980836864E-03,5.026815606561E-05
3.5720E-07,8.65221583750E-03,4.945219185483E-05
3.5740E-07,8.59210571740E-03,4.687558583264E-05
3.5760E-07,8.61610077787E-03,4.866527159047E-05
3.5780E-07,8.66102498490E-03,5.193488726672E-05
3.5800E-07,8.56774394866E-03,5.057689196710E-05
3.5820E-07,8.53515045252E-03,5.123300345895E-05
3.5840E-07,8.61832663882E-03,4.814162713756E-05
3.5860E-07,8.68066168856E-03,4.839664630872E-05
3.5880E-07,8.72540126089E-03,5.100497448166E-05
3.5900E-07,8.64161575679E-03,5.270890219417E-05
3.5920E-07,8.57829909306E-03,5.027176400927E-05
3.5940E-07,8.58537714463E-03,4.823207550962E-05
3.5960E-07,8.73822091613E-03,4.894633040112E-05
3.5980E-07,8.85925326962E-03,5.184663141426E-05
3.6000E-07,8.72553700115E-03,5.059992729966E-05
3.6020E-07,8.61466118600E-03,5.089633374755E-05
3.6040E-07,8.66521826479E-03,5.112271833514E-05
3.6060E-07,8.64087651949E-03,5.102130736504E-05
3.6080E-07,8.71847990435E-03,5.030536645372E-05
3.6100E-07,8.77406891901E-03,5.039632826392E-05
3.6120E-07,8.72198656667E-03,5.877776870784E-05
3.6140E-07,8.72966834810E-03,5.892280804273E-05
3.6160E-07,8.73074356001E-03,5.518631058094E-05
3.6180E-07,8.64442928228E-03,5.138820748125E-05
3.6200E-07,8.62752018962E-03,5.231216715929E-05
3.6220E-07,8.61507725436E-03,5.651992450748E-05
3.6240E-07,8.54724879842E-03,5.578778254148E-05
3.6260E-07,8.50104332436E-03,4.963855602127E-05
3.6280E-07,8.83907896001E-03,4.693028780912E-05
3.6300E-07,8.94414122682E-03,5.024596027379E-05
3.6320E-07,8.69177120272E-03,5.590624798369E-05
3.6340E-07,8.63133023027E-03,5.229413437937E-05
3.6360E-07,8.70713313576E-03,4.692707535160E-05
3.6380E-07,8.75378727447E-03,4.721475335118E-05
3.6400E-07,8.79281504545E-03,4.891640528385E-05
3.6420E-07,8.72667414602E-03,4.863376452868E-05
3.6440E-07,8.60340266023E-03,5.121272959095E-05
3.6460E-07,8.54745764751E-03,5.442488876451E-05
3.6480E-07,8.62652390730E-03,5.486977597047E-05
3.6500E-07,8.65096809808E-03,5.304317123537E-05
3.6520E-07,8.70956924278E-03,4.926317029913E-05
3.6540E-07,8.70720996987E-03,4.693203627412E-05
3.6560E-07,8.55581230950E-03,4.549905819167E-05
3.6580E-07,8.61014031339E-03,5.079575537984E-05
3.6600E-07,8.61731289420E-03,5.348246612866E-05
3.6620E-07,8.58382532839E-03,5.229143535998E-05
3.6640E-07,8.67691940162E-03,4.935234201421E-05
3.6660E-07,8.77583284397E-03,4.854523114209E-05
3.6680E-07,8.61618808936E-03,4.998006870319E-05
3.6700E-07,8.44911044929E-03,4.817865712848E-05
3.6720E-07,8.52169656660E-03,4.731658062246E-05
3.6740E-07,8.73336779419E-03,5.011032934581E-05
3.6760E-07,8.78580544609E-03,4.869326784556E-05
3.6780E-07,8.63103430252E-03,4.972548664828E-05
3.6800E-07,8.62703962717E-03,5.353635631782E-05
3.6820E-07,8.80623167846E-03,4.881936547626E-05
3.6840E-07,8.74029078055E-03,4.533237813321E-05
3.6860E-07,8.73599994462E-03,4.762786289957E-05
3.6880E-07,8.73305277433E-03,5.517511901726E-05
3.6900E-07,8.68880843278E-03,5.586089196895E-05
3.6920E-07,8.67987751495E-03,4.864586501662E-05
3.6940E-07,8.72479240876E-03,5.107254710329E-05
3.6960E-07,8.52138527203E-03,5.500474081655E-05
3.6980E-07,8.54044711683E-03,4.727594268788E-05
3.7000E-07,8.64232006948E-03,4.399586397503E-05
3.7020E-07,8.49303092342E-03,4.678229273577E-05
3.7040E-07,8.50163424853E-03,5.089366941993E-05
3.7060E-07,8.61557481345E-03,5.351110765059E-05
3.7080E-07,8.68340233806E-03,4.999553429243E-05
3.7100E-07,8.76236475538E-03,5.164467676823E-05
3.7120E-07,8.88583763968E-03,4.591127963085E-05
3.7140E-07,8.58353731688E-03,4.280780282152E-05
3.7160E-07,8.45503761899E-03,4.575955866185E-05
3.7180E-07,8.69768021162E-03,4.750195260440E-05
3.7200E-07,8.59019673895E-03,4.445292105247E-05
3.7220E-07,8.51390488911E-03,3.885274029617E-05
3.7240E-07,8.72913795989E-03,4.207026281674E-05
3.7260E-07,8.86817347724E-03,4.661813129951E-05
3.7280E-07,8.72098469641E-03,4.412334233802E-05
3.7300E-07,8.46852503251E-03,4.206696016063E-05
3.7320E-07,8.46452733036E-03,3.959402701166E-05
3.7340E-07,8.71036109980E-03,3.748496885691E-05
3.7360E-07,8.72018864844E-03,4.388670980279E-05
3.7380E-07,8.66608602460E-03,4.365405294393E-05
3.7400E-07,8.75846297946E-03,5.001991566551E-05
3.7420E-07,8.79460062366E-03,5.237266266067E-05
3.7440E-07,8.67952407803E-03,4.606844720711E-05
3.7460E-07,8.66773027461E-03,4.190574752447E-05
3.7480E-07,8.81060819607E-03,4.763722273801E-05
3.7500E-07,8.86855974328E-03,4.453659759183E-05
3.7520E-07,8.73663394246E-03,4.567044939194E-05
3.7540E-07,8.59248243738E-03,4.890389543307E-05
3.7560E-07,8.43268727418E-03,4.823009807896E-05
3.7580E-07,8.60106597189E-03,4.560216211994E-05
3.7600E-07,8.74222374055E-03,4.804733491783E-05
3.7620E-07,8.58123369049E-03,5.045198079479E-05
3.7640E-07,8.66028784308E-03,5.052203734685E-05
3.7660E-07,8.72519660275E-03,4.732522581053E-05
3.7680E-07,8.61165650654E-03,4.475422597770E-05
3.7700E-07,8.55004625861E-03,4.299852427375E-05
3.7720E-07,8.65684893448E-03,4.518077511620E-05
3.7740E-07,8.80851877388E-03,4.871171692666E-05
3.7760E-07,8.72758311685E-03,4.787658898440E-05
3.7780E-07,8.67563440930E-03,4.608219208476E-05
3.7800E-07,8.58767681289E-03,4.224198705797E-05
3.7820E-07,8.58054451179E-03,4.261409093906E-05
3.7840E-07,8.61822233070E-03,4.420506920014E-05
3.7860E-07,8.58470985200E-03,4.438269104157E-05
3.7880E-07,8.53138627950E-03,3.986774504465E-05
3.7900E-07,8.68506102357E-03,4.211089381297E-05
3.7920E-07,8.69603293482E-03,4.680886662845E-05
3.7940E-07,8.55257363524E-03,4.673260025029E-05
3.7960E-07,8.53484707419E-03,4.753513180931E-05
3.7980E-07,8.44588201959E-03,4.025914448593E-05
3.8000E-07,8.40452687349E-03,3.866111685802E-05
3.8020E-07,8.51955918129E-03,4.473828858045E-05
3.8040E-07,8.53956934530E-03,4.216661572736E-05
3.8060E-07,8.67315732408E-03,3.854369910714E-05
3.8080E-07,8.65098882001E-03,4.672925596405E-05
3.8100E-07,8.69556401390E-03,5.047305257340E-05
3.8120E-07,8.77369871829E-03,4.568107201067E-05
3.8140E-07,8.66960200015E-03,3.881364961435E-05
3.8160E-07,8.60771421809E-03,3.904093618785E-05
3.8180E-07,8.60369416419E-03,4.334635085706E-05
3.8200E-07,8.58536340762E-03,4.625293801819E-05
3.8220E-07,8.61249446403E-03,4.332859561127E-05
3.8240E-07,8.53976632003E-03,4.288984884788E-05
3.8260E-07,8.38861802127E-03,4.056032452081E-05
3.8280E-07,8.43901328277E-03,4.169597335440E-05
3.8300E-07,8.54125829879E-03,3.684834719916E-05
3.8320E-07,8.57370441314E-03,3.566236755159E-05
3.8340E-07,8.68600887712E-03,3.980329468195E-05
3.8360E-07,8.57654471416E-03,3.780951032695E-05
3.8380E-07,8.58802326489E-03,4.200510474202E-05
3.8400E-07,8.66369205993E-03,4.332201111410E-05
3.8420E-07,8.61855504569E-03,4.211434217450E-05
3.8440E-07,8.70855107438E-03,4.218938740250E-05
3.8460E-07,8.85425020475E-03,4.466241768841E-05
3.8480E-07,8.64340762142E-03,4.302736006957E-05
3.8500E-07,8.60846486408E-03,4.381619531941E-05
3.8520E-07,8.64960440900E-03,4.213598289807E-05
3.8540E-07,8.47478328738E-03,4.439591554274E-05
3.8560E-07,8.44052644912E-03,4.511230050866E-05
3.8580E-07,8.45966629218E-03,4.310730377492E-05
3.8600E-07,8.43314664904E-03,3.957871406619E-05
3.8620E-07,8.63908907864E-03,3.984055363853E-05
3.8640E-07,8.77144165803E-03,4.194840451983E-05
3.8660E-07,8.68841099087E-03,4.184963706230E-05
3.8680E-07,8.64140131976E-03,3.590317697544E-05
3.8700E-07,8.62510340754E-03,3.448596976977E-05
3.8720E-07,8.53500213940E-03,3.838141102624E-05
3.8740E-07,8.49597599823E-03,3.955508897361E-05
3.8760E-07,8.49007048178E-03,3.792863491271E-05
3.8780E-07,8.54981552344E-03,3.324197855127E-05
3.8800E-07,8.70120224077E-03,3.476259497274E-05
3.8820E-07,8.68916140403E-03,3.853547022027E-05
3.8840E-07,8.60787231009E-03,3.730193510000E-05
3.8860E-07,8.58510124031E-03,3.755614248384E-05
3.8880E-07,8.57701852452E-03,3.807149560471E-05
3.8900E-07,8.48774543498E-03,3.996197481920E-05
3.8920E-07,8.59547663946E-03,3.797789028195E-05
3.8940E-07,8.65403843578E-03,3.559620341566E-05
3.8960E-07,8.69637030642E-03,3.315822569002E-05
3.8980E-07,8.66660127882E-03,3.400547493529E-05
3.9000E-07,8.65924057085E-03,3.634837640729E-05
3.9020E-07,8.54374376591E-03,3.969978832920E-05
3.9040E-07,8.57461990323E-03,4.225739714038E-05
3.9060E-07,8.58107699547E-03,4.052201093455E-05
3.9080E-07,8.54336029384E-03,4.163345879224E-05
3.9100E-07,8.55687518138E-03,4.010038802680E-05
3.9120E-07,8.50421494339E-03,3.985108605866E-05
3.9140E-07,8.53700844105E-03,3.498712008168E-05
3.9160E-07,8.70855316985E-03,3.149326376897E-05
3.9180E-07,8.83274363819E-03,3.595203685854E-05
3.9200E-07,8.75236444641E-03,3.916339118314E-05
3.9220E-07,8.53696769569E-03,3.538649862912E-05
3.9240E-07,8.53610668797E-03,3.495777084772E-05
3.9260E-07,8.62771460321E-03,3.856661648770E-05
3.9280E-07,8.60203198623E-03,4.139264936839E-05
3.9300E-07,8.69293884840E-03,3.871488909517E-05
3.9320E-07,8.64923071582E-03,3.844110861701E-05
3.9340E-07,8.53828481864E-03,3.603355557007E-05
3.9360E-07,8.44827947672E-03,2.870193653089E-05
3.9380E-07,8.46086909529E-03,3.194487423916E-05
3.9400E-07,8.58722581994E-03,3.674774107803E-05
3.9420E-07,8.60648394097E-03,3.191206276697E-05
3.9440E-07,8.57205760199E-03,3.239442401846E-05
3.9460E-07,8.47390854265E-03,3.485729655531E-05
3.9480E-07,8.52921327110E-03,3.036365130265E-05
3.9500E-07,8.64737715106E-03,3.263161856030E-05
3.9520E-07,8.60002731439E-03,3.526441136655E-05
3.9540E-07,8.53767247405E-03,3.559186000657E-05
3.9560E-07,8.55410729069E-03,3.857050196548E-05
3.9580E-07,8.46960024442E-03,4.088638549019E-05
3.9600E-07,8.46047887113E-03,3.945966580231E-05
3.9620E-07,8.71685241815E-03,3.717833527644E-05
3.9640E-07,8.75648904126E-03,3.773091960047E-05
3.9660E-07,8.50104053039E-03,3.462853905094E-05
3.9680E-07,8.58957089018E-03,3.280903225113E-05
3.9700E-07,8.59696815256E-03,2.779002877232E-05
3.9720E-07,8.56699609663E-03,3.043322216999E-05
3.9740E-07,8.61471334007E-03,3.396493413766E-05
3.9760E-07,8.66216701921E-03,3.851489800308E-05
3.9780E-07,8.54061848018E-03,4.286120732595E-05
3.9800E-07,8.50333624054E-03,3.669229669776E-05
3.9820E-07,8.66495819297E-03,3.248963210080E-05
3.9840E-07,8.64522696007E-03,3.104992381577E-05
3.9860E-07,8.52096338291E-03,3.476979004499E-05
3.9880E-07,8.48335960414E-03,3.266938401666E-05
3.9900E-07,8.51819106843E-03,3.050451374893E-05
3.9920E-07,8.49325281102E-03,3.698803706375E-05
3.9940E-07,8.42934568878E-03,3.857857820858E-05
3.9960E-07,8.41080096085E-03,3.601976906229E-05
3.9980E-07,8.53731554467E-03,2.929951607530E-05
4.0000E-07,8.65715347696E-03,2.809503877815E-05
4.0020E-07,8.54779036250E-03,3.539343698230E-05
4.0040E-07,8.55153008830E-03,3.799341831636E-05
4.0060E-07,8.60238379333E-03,3.606013640110E-05
4.0080E-07,8.57616613153E-03,3.485372330342E-05
4.0100E-07,8.51016399916E-03,3.408888087888E-05
4.0120E-07,8.68856465910E-03,3.172890411970E-05
4.0140E-07,8.74618232716E-03,3.187905702089E-05
4.0160E-07,8.70815968607E-03,3.654852708150E-05
4.0180E-07,8.61831779126E-03,4.136420212035E-05
4.0200E-07,8.67582812440E-03,3.789293708560E-05
4.0220E-07,8.51182315033E-03,3.038004663122E-05
4.0240E-07,8.52811058517E-03,3.400655731839E-05
4.0260E-07,8.60480057541E-03,3.602247502004E-05
4.0280E-07,8.57529650908E-03,3.184049365391E-05
4.0300E-07,8.43715296592E-03,2.500206663553E-05
4.0320E-07,8.50280818064E-03,2.300736641791E-05
4.0340E-07,8.61547446344E-03,2.919057699200E-05
4.0360E-07,8.55095872190E-03,3.460305447970E-05
4.0380E-07,8.62767758313E-03,3.258155140374E-05
4.0400E-07,8.55095732491E-03,3.133031654452E-05
4.0420E-07,8.45712191891E-03,3.248444221263E-05
4.0440E-07,8.30113167409E-03,3.175037832279E-05
4.0460E-07,8.50111224223E-03,2.685473182519E-05
4.0480E-07,8.64120550919E-03,2.574593441841E-05
4.0500E-07,8.68177624885E-03,2.579406577442E-05
4.0520E-07,8.54384132195E-03,2.886545270030E-05
4.0540E-07,8.44577538315E-03,2.834669978638E-05
4.0560E-07,8.46866333391E-03,3.366889542249E-05
4.0580E-07,8.59081094619E-03,3.638750871923E-05
4.0600E-07,8.61564792227E-03,3.511328709592E-05
4.0620E-07,8.50006171036E-03,3.133834421915E-05
4.0640E-07,8.53167033289E-03,2.907726674621E-05
4.0660E-07,8.65642681252E-03,2.852368329932E-05
4.0680E-07,8.65293737966E-03,2.941184801330E-05
4.0700E-07,8.62714230548E-03,3.017341553514E-05
4.0720E-07,8.64828845020E-03,3.063540578169E-05
4.0740E-07,8.68883707095E-03,3.345001119469E-05
4.0760E-07,8.64751568530E-03,3.673955382128E-05
4.0780E-07,8.69273162912E-03,3.387299401966E-05
4.0800E-07,8.74292456079E-03,2.842632432748E-05
4.0820E-07,8.63831282128E-03,2.547356242594E-05
4.0840E-07,8.45566975418E-03,2.820687115472E-05
4.0860E-07,8.42811261769E-03,3.091056005378E-05
4.0880E-07,8.57019146439E-03,3.113590388839E-05
4.0900E-07,8.53862149175E-03,2.694004581590E-05
4.0920E-07,8.49093055818E-03,2.510904910323E-05
4.0940E-07,8.59295601491E-03,2.485355812405E-05
4.0960E-07,8.53708830196E-03,3.078292904702E-05
4.0980E-07,8.57407694217E-03,3.118913493399E-05
4.1000E-07,8.64490821492E-03,2.733689186443E-05
4.1020E-07,8.73873710167E-03,3.019307882805E-05
4.1040E-07,8.70831731241E-03,3.822590171640E-05
4.1060E-07,8.71430408675E-03,3.582668856998E-05
4.1080E-07,8.67538108956E-03,2.315735973698E-05
4.1100E-07,8.49554572720E-03,2.532259079908E-05
4.1120E-07,8.45775591675E-03,2.884626815376E-05
4.1140E-07,8.53471110109E-03,2.827914797981E-05
4.1160E-07,8.47908506635E-03,2.619372879435E-05
4.1180E-07,8.58352055307E-03,2.881180535351E-05
4.1200E-07,8.47025007475E-03,3.707060346660E-05
4.1220E-07,8.34932133090E-03,3.391524165217E-05
4.1240E-07,8.43854366336E-03,2.735875461531E-05
4.1260E-07,8.59677955974E-03,2.814285790828E-05
4.1280E-07,8.67879089434E-03,2.819348707144E-05
4.1300E-07,8.57984043192E-03,2.916213668232E-05
4.1320E-07,8.57594191562E-03,2.684106326942E-05
4.1340E-07,8.75157771166E-03,2.116467164178E-05
4.1360E-07,8.65105517674E-03,2.160310617928E-05
4.1380E-07,8.54709093925E-03,3.301966677700E-05
4.1400E-07,8.65253085736E-03,3.472340021562E-05
4.1420E-07,8.68986222427E-03,2.997592225019E-05
4.1440E-07,8.61911686603E-03,2.840188744758E-05
4.1460E-07,8.65072409157E-03,3.268259464112E-05
4.1480E-07,8.74880982097E-03,3.516472804640E-05
4.1500E-07,8.62914371770E-03,3.520455419366E-05
4.1520E-07,8.43943307642E-03,2.943911574130E-05
4.1540E-07,8.40106305201E-03,3.099612382521E-05
4.1560E-07,8.60398427118E-03,3.518065850531E-05
4.1580E-07,8.63371627871E-03,3.790353888926E-05
4.1600E-07,8.58773944434E-03,3.442335113232E-05
4.1620E-07,8.66413793061E-03,3.270006541443E-05
4.1640E-07,8.64166302141E-03,3.389418375027E-05
4.1660E-07,8.63412349950E-03,3.392641240080E-05
4.1680E-07,8.66755984258E-03,3.324058394228E-05
4.1700E-07,8.64776271861E-03,3.428937847075E-05
4.1720E-07,8.54379708413E-03,2.988038112690E-05
4.1740E-07,8.67311681155E-03,2.684249950853E-05
4.1760E-07,8.75756541733E-03,2.909986496252E-05
4.1780E-07,8.56155577581E-03,3.016768445541E-05
4.1800E-07,8.49355455954E-03,3.441589934100E-05
4.1820E-07,8.60721782315E-03,3.664765533340E-05
4.1840E-07,8.57683645096E-03,3.374858240877E-05
4.1860E-07,8.52607750799E-03,3.269633951877E-05
4.1880E-07,8.49741605576E-03,3.756828460191E-05
4.1900E-07,8.46651570406E-03,3.734067192581E-05
4.1920E-07,8.61706166994E-03,3.114518046659E-05
4.1940E-07,8.70951662306E-03,2.843188194838E-05
4.1960E-07,8.76128255855E-03,3.182698468026E-05
4.1980E-07,8.80036108661E-03,3.356343939249E-05
4.2000E-07,8.69987603743E-03,3.335508758482E-05
4.2020E-07,8.62315880600E-03,3.599259847124E-05
4.2040E-07,8.64006440621E-03,3.420620843117E-05
4.2060E-07,8.62008730415E-03,3.790926996899E-05
4.2080E-07,8.49872805644E-03,3.881961659808E-05
4.2100E-07,8.42833101284E-03,3.563688298036E-05
4.2120E-07,8.57880852651E-03,3.255307640229E-05
4.2140E-07,8.60866719391E-03,3.543824486714E-05
4.2160E-07,8.54832820129E-03,3.289733667207E-05
4.2180E-07,8.64578132983E-03,3.410780870636E-05
4.2200E-07,8.63848744426E-03,4.032041708288E-05
4.2220E-07,8.57701270375E-03,4.138899285626E-05
4.2240E-07,8.50562589709E-03,4.127543282975E-05
4.2260E-07,8.49376783240E-03,3.822357736808E-05
4.2280E-07,8.58654059935E-03,3.280611120444E-05
4.2300E-07,8.54061265942E-03,3.224978016969E-05
4.2320E-07,8.60231091734E-03,3.343318568823E-05
4.2340E-07,8.56558770407E-03,3.438012519200E-05
4.2360E-07,8.64880556706E-03,3.715288539697E-05
4.2380E-07,8.81819428410E-03,3.626501209383E-05
4.2400E-07,8.75602244865E-03,3.716352189240E-05
4.2420E-07,8.60316098202E-03,4.083013626096E-05
4.2440E-07,8.68364704307E-03,4.128063659464E-05
4.2460E-07,8.71810318436E-03,3.500338358153E-05
4.2480E-07,8.54307507630E-03,3.828120039125E-05
4.2500E-07,8.46619928721E-03,4.191750109476E-05
4.2520E-07,8.50609644782E-03,4.091033668537E-05
4.2540E-07,8.60092580784E-03,4.070111758356E-05
4.2560E-07,8.71241629589E-03,3.953873527516E-05
4.2580E-07,8.68970366660E-03,4.066689762567E-05
4.2600E-07,8.50919472519E-03,4.140373685677E-05
4.2620E-07,8.54345552158E-03,3.826080857125E-05
4.2640E-07,8.57725414913E-03,3.428874014226E-05
4.2660E-07,8.52529589552E-03,3.553926035110E-05
4.2680E-07,8.45122804399E-03,3.816503848229E-05
4.2700E-07,8.48173211794E-03,4.254850268644E-05
4.2720E-07,8.50160561036E-03,4.463209014666E-05
4.2740E-07,8.52156012785E-03,3.867414014694E-05
4.2760E-07,8.44892255496E-03,3.482868278679E-05
4.2780E-07,8.34394713398E-03,3.789508797508E-05
4.2800E-07,8.36964441929E-03,3.932760812622E-05
4.2820E-07,8.43462326098E-03,3.757999654208E-05
4.2840E-07,8.46382627729E-03,3.952623930108E-05
4.2860E-07,8.46712711733E-03,3.943082306814E-05
4.2880E-07,8.50792649668E-03,3.781007233356E-05
4.2900E-07,8.55585515033E-03,3.685604877119E-05
4.2920E-07,8.69498147163E-03,4.177896299679E-05
4.2940E-07,8.68677605409E-03,4.620649268199E-05
4.2960E-07,8.67818390485E-03,4.069728067425E-05
4.2980E-07,8.57296308037E-03,3.885001352337E-05
4.3000E-07,8.56706920545E-03,4.334569865186E-05
4.3020E-07,8.61423324328E-03,4.565243048874E-05
4.3040E-07,8.51211139467E-03,4.113188524079E-05
4.3060E-07,8.57238240074E-03,3.634680140112E-05
4.3080E-07,8.55042390991E-03,3.784126023111E-05
4.3100E-07,8.69917219039E-03,4.039687773493E-05
4.3120E-07,8.86372780893E-03,4.339153341298E-05
4.3140E-07,8.77620537300E-03,4.278463566025E-05
4.3160E-07,8.60727696214E-03,3.694187620003E-05
4.3180E-07,8.55774154421E-03,3.646345593315E-05
4.3200E-07,8.44540611375E-03,4.082386398968E-05
4.3220E-07,8.60997314099E-03,3.794020808582E-05
4.3240E-07,8.65130803082E-03,3.504438924883E-05
4.3260E-07,8.63232022617E-03,3.556259403285E-05
4.3280E-07,8.63793214317E-03,3.740563572664E-05
4.3300E-07,8.57473259326E-03,4.012476939988E-05
4.3320E-07,8.50182284135E-03,3.556094964315E-05
4.3340E-07,8.55745632667E-03,3.676998543833E-05
4.3360E-07,8.57557194773E-03,3.882232949418E-05
4.3380E-07,8.64548307378E-03,3.404480152112E-05
4.3400E-07,8.69321265723E-03,3.275353236404E-05
4.3420E-07,8.68604263756E-03,3.597455875297E-05
4.3440E-07,8.45866465475E-03,3.312325638999E-05
4.3460E-07,8.30283343326E-03,3.730450229068E-05
4.3480E-07,8.29324989114E-03,4.256970629376E-05
4.3500E-07,8.60410697292E-03,4.287679086719E-05
4.3520E-07,8.87612091843E-03,3.960351867881E-05
4.3540E-07,8.62227893900E-03,3.487514893804E-05
4.3560E-07,8.35669810418E-03,3.415001470876E-05
4.3580E-07,8.49041996058E-03,3.846261751187E-05
4.3600E-07,8.56940403115E-03,3.966198818107E-05
4.3620E-07,8.42348231468E-03,3.933152135742E-05
4.3640E-07,8.38078722823E-03,3.993769752142E-05
4.3660E-07,8.51072814781E-03,3.874192785752E-05
4.3680E-07,8.48396473098E-03,3.695779972058E-05
4.3700E-07,8.60144059639E-03,2.958504318540E-05
4.3720E-07,8.78884714562E-03,2.946301142965E-05
4.3740E-07,8.73018686194E-03,2.791484280769E-05
4.3760E-07,8.52344326209E-03,2.987048009690E-05
4.3780E-07,8.56803498696E-03,3.539120977093E-05
4.3800E-07,8.57219939586E-03,4.020537224878E-05
4.3820E-07,8.65232130978E-03,4.059978987370E-05
4.3840E-07,8.61487539019E-03,3.680605793652E-05
4.3860E-07,8.50274205673E-03,3.373356087413E-05
4.3880E-07,8.54692632798E-03,3.590305208508E-05
4.3900E-07,8.66711560171E-03,4.037105318439E-05
4.3920E-07,8.52646307554E-03,4.063629948814E-05
4.3940E-07,8.54264433961E-03,3.643143543322E-05
4.3960E-07,8.74584891368E-03,3.281802435686E-05
4.3980E-07,8.69836729485E-03,3.435409249087E-05
4.4000E-07,8.61225720961E-03,3.971603795235E-05
4.4020E-07,8.65771390032E-03,4.285980577861E-05
4.4040E-07,8.61010538880E-03,4.050492870901E-05
4.4060E-07,8.63259054255E-03,4.044222681132E-05
4.4080E-07,8.52370612789E-03,3.734048459028E-05
4.4100E-07,8.44598330092E-03,3.493388903607E-05
4.4120E-07,8.62686430570E-03,2.966437631567E-05
4.4140E-07,8.65881542209E-03,2.939540411626E-05
4.4160E-07,8.50318699609E-03,3.296044099425E-05
4.4180E-07,8.59130198602E-03,3.706703715306E-05
4.4200E-07,8.55737786274E-03,3.764627169166E-05
4.4220E-07,8.61319877673E-03,3.836357945856E-05
4.4240E-07,8.63215025980E-03,3.620263629873E-05
4.4260E-07,8.70160107966E-03,3.503344746586E-05
4.4280E-07,8.75541522633E-03,3.547676660401E-05
4.4300E-07,8.74635206070E-03,3.208127532434E-05
4.4320E-07,8.72827159706E-03,2.763226449770E-05
4.4340E-07,8.62052246462E-03,2.918034985942E-05
4.4360E-07,8.52849661838E-03,3.559634218272E-05
4.4380E-07,8.59083609190E-03,4.217326960806E-05
4.4400E-07,8.52912782226E-03,4.284347983357E-05
4.4420E-07,8.44114461448E-03,3.756570353453E-05
4.4440E-07,8.43403280247E-03,3.280641649198E-05
4.4460E-07,8.47015717532E-03,3.565037113894E-05
4.4480E-07,8.57527974527E-03,4.085498250370E-05
4.4500E-07,8.61322601791E-03,4.299034395535E-05
4.4520E-07,8.66108621936E-03,4.117871218641E-05
4.4540E-07,8.73850427102E-03,3.135455221218E-05
4.4560E-07,8.56715511996E-03,3.521335896385E-05
4.4580E-07,8.49941723514E-03,4.186207752955E-05
4.4600E-07,8.43148447107E-03,3.812678040285E-05
4.4620E-07,8.53322168346E-03,3.568833780755E-05
4.4640E-07,8.65147776436E-03,3.596856401582E-05
4.4660E-07,8.73465348501E-03,3.278524063808E-05
4.4680E-07,8.66705203894E-03,3.474470789824E-05
4.4700E-07,8.59613275621E-03,3.144840731566E-05
4.4720E-07,8.64130027126E-03,3.075654248987E-05
4.4740E-07,8.46570102963E-03,3.454410623108E-05
4.4760E-07,8.26009434182E-03,3.425349330810E-05
4.4780E-07,8.46050564665E-03,3.304088426103E-05
4.4800E-07,8.57355749700E-03,3.067737588008E-05
4.4820E-07,8.53047195356E-03,2.810267790501E-05
4.4840E-07,8.60751864035E-03,2.680226399843E-05
4.4860E-07,8.64139410201E-03,3.210034885724E-05
4.4880E-07,8.54619430844E-03,3.885208115262E-05
4.4900E-07,8.45495636109E-03,3.849187654723E-05
4.4920E-07,8.44933862332E-03,3.531914803480E-05
4.4940E-07,8.50906643551E-03,3.604769593385E-05
4.4960E-07,8.52243068162E-03,3.271920833085E-05
4.4980E-07,8.60963507090E-03,3.681548022014E-05
4.5000E-07,8.59590085689E-03,3.946966396925E-05
4.5020E-07,8.46824423876E-03,3.025719614979E-05
4.5040E-07,8.40235805605E-03,2.928823431302E-05
4.5060E-07,8.56473600957E-03,3.012186357100E-05
4.5080E-07,8.79146718886E-03,3.114439643268E-05
4.5100E-07,8.72134907637E-03,3.344164354075E-05
4.5120E-07,8.73713406268E-03,3.293223658857E-05
4.5140E-07,8.70156405959E-03,3.024773223606E-05
4.5160E-07,8.52593222167E-03,3.018695920055E-05
4.5180E-07,8.54245854076E-03,3.020295904298E-05
4.5200E-07,8.67791498545E-03,2.825197045040E-05
4.5220E-07,8.57721945736E-03,2.822652750929E-05
4.5240E-07,8.51699315477E-03,2.887722708565E-05
4.5260E-07,8.58278806787E-03,2.491647511069E-05
4.5280E-07,8.70585582685E-03,1.955199021195E-05
4.5300E-07,8.80178344902E-03,2.528272996005E-05
4.5320E-07,8.77842518035E-03,3.070207641740E-05
4.5340E-07,8.70127697941E-03,2.782870315295E-05
4.5360E-07,8.72236724477E-03,2.937438784447E-05
4.5380E-07,8.78022682387E-03,3.035569994990E-05
4.5400E-07,8.65138323512E-03,2.656191944425E-05
4.5420E-07,8.51613098290E-03,2.168101694715E-05
4.5440E-07,8.45018170308E-03,2.586216571089E-05
4.5460E-07,8.54235074017E-03,2.737621151191E-05
4.5480E-07,8.64426909480E-03,3.145293112193E-05
4.5500E-07,8.48920714576E-03,3.259482447338E-05
4.5520E-07,8.33248325158E-03,2.779836867285E-05
4.5540E-07,8.44602614175E-03,3.016350756679E-05
4.5560E-07,8.47641566303E-03,3.356530580950E-05
4.5580E-07,8.56008987408E-03,3.073152278830E-05
4.5600E-07,8.61641626339E-03,2.970028923173E-05
4.5620E-07,8.63203174900E-03,3.086953357142E-05
4.5640E-07,8.54897686746E-03,2.963352145907E-05
4.5660E-07,8.55553640518E-03,2.799220544566E-05
4.5680E-07,8.58741813805E-03,2.592214083579E-05
4.5700E-07,8.56788737234E-03,2.859793755506E-05
4.5720E-07,8.62313948106E-03,2.939742317703E-05
4.5740E-07,8.56169314589E-03,2.721915494931E-05
4.5760E-07,8.43453385401E-03,2.573200914358E-05
4.5780E-07,8.59646547120E-03,2.231072106679E-05
4.5800E-07,8.76141154673E-03,2.408415720147E-05
4.5820E-07,8.75563199166E-03,2.954526560661E-05
4.5840E-07,8.73021433595E-03,3.420006798860E-05
4.5860E-07,8.53486639913E-03,3.001008670126E-05
4.5880E-07,8.63356680144E-03,2.501914192271E-05
4.5900E-07,8.72497378383E-03,2.066307033692E-05
4.5920E-07,8.51261081640E-03,1.813821749110E-05
4.5940E-07,8.48044642713E-03,2.390216419753E-05
4.5960E-07,8.68219208438E-03,3.227220492718E-05
4.5980E-07,8.69074302260E-03,2.862033455913E-05
4.6000E-07,8.61945866141E-03,1.970820029546E-05
4.6020E-07,8.52804352995E-03,2.468008541782E-05
4.6040E-07,8.56923429761E-03,2.926452596021E-05
4.6060E-07,8.74539489392E-03,2.623071715516E-05
4.6080E-07,8.79088860471E-03,2.198999569100E-05
4.6100E-07,8.41841289308E-03,2.229302826618E-05
4.6120E-07,8.33329326939E-03,1.815480015521E-05
4.6140E-07,8.58610520605E-03,2.210994594079E-05
4.6160E-07,8.74928828794E-03,2.069907345158E-05
4.6180E-07,8.63269811030E-03,1.924559947383E-05
4.6200E-07,8.48727465141E-03,2.142270205822E-05
4.6220E-07,8.54012581054E-03,1.892513775547E-05
4.6240E-07,8.63854309078E-03,1.848942305241E-05
4.6260E-07,8.55157223064E-03,2.208424628061E-05
4.6280E-07,8.44226988498E-03,2.531010176335E-05
4.6300E-07,8.49860372487E-03,2.041537112836E-05
4.6320E-07,8.56498234440E-03,1.830983071868E-05
4.6340E-07,8.60484714154E-03,1.963919837308E-05
4.6360E-07,8.57314049732E-03,1.913705587667E-05
4.6380E-07,8.42374122236E-03,1.816891970393E-05
4.6400E-07,8.44924455974E-03,2.240748334025E-05
4.6420E-07,8.72842526529E-03,2.497789341305E-05
4.6440E-07,8.75268249307E-03,2.237581669633E-05
4.6460E-07,8.66550557781E-03,1.884574911837E-05
4.6480E-07,8.57990865130E-03,1.996319865157E-05
4.6500E-07,8.55379040819E-03,2.255286265445E-05
4.6520E-07,8.53081747424E-03,2.098668206763E-05
4.6540E-07,8.62569526303E-03,2.063966727164E-05
4.6560E-07,8.47079536412E-03,2.347756473628E-05
4.6580E-07,8.44541519415E-03,2.582714784239E-05
4.6600E-07,8.50664266851E-03,2.593497678918E-05
4.6620E-07,8.54609093163E-03,2.613786811289E-05
4.6640E-07,8.56657932978E-03,2.428591063526E-05
4.6660E-07,8.56998261530E-03,2.478065684718E-05
4.6680E-07,8.52519438136E-03,2.180594893452E-05
4.6700E-07,8.72364711482E-03,1.799715383258E-05
4.6720E-07,8.60701619182E-03,2.157514461596E-05
4.6740E-07,8.48409581464E-03,2.472421334405E-05
4.6760E-07,8.44463358167E-03,2.358163309564E-05
4.6780E-07,8.43327912968E-03,2.060689742957E-05
4.6800E-07,8.50470272358E-03,1.789316179511E-05
4.6820E-07,8.45796895679E-03,1.466161686276E-05
4.6840E-07,8.34288891870E-03,1.865497909766E-05
4.6860E-07,8.43710500281E-03,2.789180053678E-05
4.6880E-07,8.53895304259E-03,2.194262755383E-05
4.6900E-07,8.41053530108E-03,2.037304717396E-05
4.6920E-07,8.34430941846E-03,1.940176098887E-05
4.6940E-07,8.47625268157E-03,1.791199248564E-05
4.6960E-07,8.48546555731E-03,1.990083673318E-05
4.6980E-07,8.44002795871E-03,1.909969978314E-05
4.7000E-07,8.51726533379E-03,1.941500630510E-05
4.7020E-07,8.63532979507E-03,2.008876896743E-05
4.7040E-07,8.66627694573E-03,1.675867860485E-05
4.7060E-07,8.63378403243E-03,1.851710014325E-05
4.7080E-07,8.62934069242E-03,2.324803707470E-05
4.7100E-07,8.58629379887E-03,2.307293385547E-05
4.7120E-07,8.57036864851E-03,1.395209392813E-05
4.7140E-07,8.51393911522E-03,1.243222684879E-05
4.7160E-07,8.54774030391E-03,1.938256256562E-05
4.7180E-07,8.60918920021E-03,2.087422523928E-05
4.7200E-07,8.59087218065E-03,1.776519080904E-05
4.7220E-07,8.54134630877E-03,1.626398789976E-05
4.7240E-07,8.61920441035E-03,2.208530091029E-05
4.7260E-07,8.70172587689E-03,2.106047145371E-05
4.7280E-07,8.67281226907E-03,1.597870363203E-05
4.7300E-07,8.53450062219E-03,1.758047797066E-05
4.7320E-07,8.48041546065E-03,1.937723391038E-05
4.7340E-07,8.44644942786E-03,1.487232077215E-05
4.7360E-07,8.44929368701E-03,1.401286696364E-05
4.7380E-07,8.62110384274E-03,1.722928628605E-05
4.7400E-07,8.68334971834E-03,1.922821889912E-05
4.7420E-07,8.53456115816E-03,1.770698496420E-05
4.7440E-07,8.60014629085E-03,1.914406361338E-05
4.7460E-07,8.62038625870E-03,2.283241584246E-05
4.7480E-07,8.46996462438E-03,1.659368456621E-05
4.7500E-07,8.45850144047E-03,1.261356070918E-05
4.7520E-07,8.57148856390E-03,2.161136281957E-05
4.7540E-07,8.61515595112E-03,2.345081738476E-05
4.7560E-07,8.61298806500E-03,1.808925353271E-05
4.7580E-07,8.65106192883E-03,2.117717455421E-05
4.7600E-07,8.56904826593E-03,2.771854985785E-05
4.7620E-07,8.40584469493E-03,2.399359087740E-05
4.7640E-07,8.43295991886E-03,2.071753640939E-05
4.7660E-07,8.55403022375E-03,2.191891920101E-05
4.7680E-07,8.51994125638E-03,2.665446319897E-05
4.7700E-07,8.60016584862E-03,2.560879092943E-05
4.7720E-07,8.62913067918E-03,2.297490880173E-05
4.7740E-07,8.57970701996E-03,1.958819453885E-05
4.7760E-07,8.50051619578E-03,1.650900196564E-05
4.7780E-07,8.55343371164E-03,1.950549630728E-05
4.7800E-07,8.57719431166E-03,1.761290783343E-05
4.7820E-07,8.52707029786E-03,1.542362843920E-05
4.7840E-07,8.49899581168E-03,1.661986991112E-05
4.7860E-07,8.58941046987E-03,2.178513387498E-05
4.7880E-07,8.71271548327E-03,1.866989655700E-05
4.7900E-07,8.68204982486E-03,1.860364222248E-05
4.7920E-07,8.53692066390E-03,1.917640327756E-05
4.7940E-07,8.53974559810E-03,2.559422732611E-05
4.7960E-07,8.59632647131E-03,2.813981197123E-05
4.7980E-07,8.54823623318E-03,2.626701168065E-05
4.8000E-07,8.33024016116E-03,2.210758690071E-05
4.8020E-07,8.30864046235E-03,2.396631621104E-05
4.8040E-07,8.38526200037E-03,2.727628534940E-05
4.8060E-07,8.42211350333E-03,3.124587678631E-05
4.8080E-07,8.46308121923E-03,2.901770098415E-05
4.8100E-07,8.36596592795E-03,2.125508532208E-05
4.8120E-07,8.33255216945E-03,2.276981802006E-05
4.8140E-07,8.51053582970E-03,2.304277283420E-05
4.8160E-07,8.73180782888E-03,2.445075896849E-05
4.8180E-07,8.53304240387E-03,2.540684322175E-05
4.8200E-07,8.40937068220E-03,2.569874667843E-05
4.8220E-07,8.51612003986E-03,2.442800117005E-05
4.8240E-07,8.49552221130E-03,2.558230029699E-05
4.8260E-07,8.52308563422E-03,2.669047325198E-05
4.8280E-07,8.53059325833E-03,2.258723525610E-05
4.8300E-07,8.60092487652E-03,2.102184564155E-05
4.8320E-07,8.52685492951E-03,2.182604240534E-05
4.8340E-07,8.56653392780E-03,2.624351841678E-05
4.8360E-07,8.68497301359E-03,2.624258867745E-05
4.8380E-07,8.77741539385E-03,2.153254312743E-05
4.8400E-07,8.76237779390E-03,2.169916074072E-05
4.8420E-07,8.71873299125E-03,2.497137829941E-05
4.8440E-07,8.62494298722E-03,2.979092493933E-05
4.8460E-07,8.64347444381E-03,3.318594441098E-05
4.8480E-07,8.55878276285E-03,2.991648831685E-05
4.8500E-07,8.54345831554E-03,2.445260457043E-05
4.8520E-07,8.50340236444E-03,2.593306874205E-05
4.8540E-07,8.52362859528E-03,3.060181721394E-05
4.8560E-07,8.56006496120E-03,3.001303550136E-05
4.8580E-07,8.55369401630E-03,2.865882160422E-05
4.8600E-07,8.50353624206E-03,2.769087970537E-05
4.8620E-07,8.53354415391E-03,2.549525865634E-05
4.8640E-07,8.76293053385E-03,2.573697700445E-05
4.8660E-07,8.70035729837E-03,3.134028001968E-05
4.8680E-07,8.45802204218E-03,2.924335010630E-05
4.8700E-07,8.45398406032E-03,2.666853417922E-05
4.8720E-07,8.54063384700E-03,2.772460704018E-05
4.8740E-07,8.51509837899E-03,2.846327799652E-05
4.8760E-07,8.39985209983E-03,3.135575948563E-05
4.8780E-07,8.46556482371E-03,3.260257461388E-05
4.8800E-07,8.52565655019E-03,2.639049355221E-05
4.8820E-07,8.63382501062E-03,2.807543099207E-05
4.8840E-07,8.70688284282E-03,3.344375280012E-05
4.8860E-07,8.70066370349E-03,3.201583277714E-05
4.8880E-07,8.59725593123E-03,3.216645748635E-05
4.8900E-07,8.42467673588E-03,3.351027773042E-05
4.8920E-07,8.55406677816E-03,3.579382159096E-05
4.8940E-07,8.81497423630E-03,3.489665089455E-05
4.8960E-07,8.64856412168E-03,3.210485878681E-05
4.8980E-07,8.49096501712E-03,3.649633678888E-05
4.9000E-07,8.37160950992E-03,4.211846355629E-05
4.9020E-07,8.41680380050E-03,4.397746346240E-05
4.9040E-07,8.49403023254E-03,3.788791371790E-05
4.9060E-07,8.39071070310E-03,3.694241739158E-05
4.9080E-07,8.35122891236E-03,3.657414348145E-05
4.9100E-07,8.54907325935E-03,3.807901677956E-05
4.9120E-07,8.56542542111E-03,4.059295559582E-05
4.9140E-07,8.29665503930E-03,3.439363416564E-05
4.9160E-07,8.33831542637E-03,3.371257235576E-05
4.9180E-07,8.51133001503E-03,3.739982832503E-05
4.9200E-07,8.58756831381E-03,3.993275047560E-05
4.9220E-07,8.58265977818E-03,4.003747797851E-05
4.9240E-07,8.53051479440E-03,3.698809950893E-05
4.9260E-07,8.45320058521E-03,3.962479860802E-05
4.9280E-07,8.48932542372E-03,4.482306137961E-05
4.9300E-07,8.42224016320E-03,4.351281582658E-05
4.9320E-07,8.45126203727E-03,3.951227933448E-05
4.9340E-07,8.56820495333E-03,3.986565660034E-05
4.9360E-07,8.62611086573E-03,3.998529462424E-05
4.9380E-07,8.39435799513E-03,4.028174964060E-05
4.9400E-07,8.28854275402E-03,3.890764348489E-05
4.9420E-07,8.48134119529E-03,3.469877600019E-05
4.9440E-07,8.60008645337E-03,3.152467369382E-05
4.9460E-07,8.48187228199E-03,3.803828864638E-05
4.9480E-07,8.55368633289E-03,4.281898744684E-05
4.9500E-07,8.74983753543E-03,3.710045920034E-05
4.9520E-07,8.81700265687E-03,3.531627555658E-05
4.9540E-07,8.68000091519E-03,3.578548169044E-05
4.9560E-07,8.57932657469E-03,3.654214379658E-05
4.9580E-07,8.46085279714E-03,3.414656634722E-05
4.9600E-07,8.48388487007E-03,3.841282095109E-05
4.9620E-07,8.67504348513E-03,4.242731740978E-05
4.9640E-07,8.68187473621E-03,4.621740671155E-05
4.9660E-07,8.60397612210E-03,4.779546575901E-05
4.9680E-07,8.40812247712E-03,4.211870639865E-05
4.9700E-07,8.34016549867E-03,3.740468517226E-05
4.9720E-07,8.42524065170E-03,3.925449176040E-05
4.9740E-07,8.47330271732E-03,4.000579745789E-05
4.9760E-07,8.45383621286E-03,3.945372657199E-05
4.9780E-07,8.46653363202E-03,4.066106247064E-05
4.9800E-07,8.51436589379E-03,3.952536506858E-05
4.9820E-07,8.59592088032E-03,3.901405700762E-05
4.9840E-07,8.72104243841E-03,3.872784300056E-05
4.9860E-07,8.63451954443E-03,4.059399634880E-05
4.9880E-07,8.53581611533E-03,4.267192211282E-05
4.9900E-07,8.52196408901E-03,4.293263767195E-05
4.9920E-07,8.48404878285E-03,4.316514882539E-05
4.9940E-07,8.44973606523E-03,4.580087655504E-05
4.9960E-07,8.51917570922E-03,4.389314165619E-05
4.9980E-07,8.60404992942E-03,4.403727206682E-05
5.0000E-07,8.52766168769E-03,4.186338887830E-05
5.0020E-07,8.25979049783E-03,4.637646151987E-05
5.0040E-07,8.30710773822E-03,4.684816546087E-05
5.0060E-07,8.52626889478E-03,4.141662831698E-05
5.0080E-07,8.66605389397E-03,3.827097325866E-05
5.0100E-07,8.66172533948E-03,4.183412984294E-05
5.0120E-07,8.65190617274E-03,3.915329587926E-05
5.0140E-07,8.53491156828E-03,3.616969993618E-05
5.0160E-07,8.51732703391E-03,4.024381072540E-05
5.0180E-07,8.57146085706E-03,4.804678678793E-05
5.0200E-07,8.54651468340E-03,4.540069315863E-05
5.0220E-07,8.51710235234E-03,3.933867479955E-05
5.0240E-07,8.54098286014E-03,3.811089851242E-05
5.0260E-07,8.49862514529E-03,3.989508215618E-05
5.0280E-07,8.51332956459E-03,3.988429301698E-05
5.0300E-07,8.66116608027E-03,3.728661521618E-05
5.0320E-07,8.58608075883E-03,3.713587255497E-05
5.0340E-07,8.59965711366E-03,4.042352794950E-05
5.0360E-07,8.48479779903E-03,4.545518698451E-05
5.0380E-07,8.45844393130E-03,4.782336487715E-05
5.0400E-07,8.33411073778E-03,4.396721551475E-05
5.0420E-07,8.56585569214E-03,4.096450440866E-05
5.0440E-07,8.78163568210E-03,3.852264814359E-05
5.0460E-07,8.63615657668E-03,3.553348764126E-05
5.0480E-07,8.52289331611E-03,3.962443087530E-05
5.0500E-07,8.55352404993E-03,4.533972584922E-05
5.0520E-07,8.53541261982E-03,4.411726434064E-05
5.0540E-07,8.45384506043E-03,4.387005775516E-05
5.0560E-07,8.51026085671E-03,4.656619772595E-05
5.0580E-07,8.70528958272E-03,4.426801394020E-05
5.0600E-07,8.69981061201E-03,4.448084792402E-05
5.0620E-07,8.66875403095E-03,4.033713157569E-05
5.0640E-07,8.53568060789E-03,3.625382053015E-05
5.0660E-07,8.34613504354E-03,3.660188995582E-05
5.0680E-07,8.37798138615E-03,3.924089258817E-05
5.0700E-07,8.48418661859E-03,4.148932838161E-05
5.0720E-07,8.32129247952E-03,3.697212048155E-05
5.0740E-07,8.28655507881E-03,3.338503351715E-05
5.0760E-07,8.49559392314E-03,3.530599985552E-05
5.0780E-07,8.68311292957E-03,3.300477013272E-05
5.0800E-07,8.51962414104E-03,3.370598785859E-05
5.0820E-07,8.41136906762E-03,3.584264678229E-05
5.0840E-07,8.51235819515E-03,3.937675248180E-05
5.0860E-07,8.72333465610E-03,4.102973186691E-05
5.0880E-07,8.69311184157E-03,3.932718488668E-05
5.0900E-07,8.54717382695E-03,4.009725189117E-05
5.0920E-07,8.52330542635E-03,4.311633057241E-05
5.0940E-07,8.56066915672E-03,3.884603784700E-05
5.0960E-07,8.50399515126E-03,3.109478720744E-05
5.0980E-07,8.45550165046E-03,3.290741116089E-05
5.1000E-07,8.53505103383E-03,3.929963962455E-05
5.1020E-07,8.66694097873E-03,3.818212764618E-05
5.1040E-07,8.55552266817E-03,3.825445997809E-05
5.1060E-07,8.52991059888E-03,4.031876575482E-05
5.1080E-07,8.53058115113E-03,3.861945898552E-05
5.1100E-07,8.50833232049E-03,3.195335290675E-05
5.1120E-07,8.70346232783E-03,3.687841802184E-05
5.1140E-07,8.60066573601E-03,4.356868344639E-05
5.1160E-07,8.45792402048E-03,3.543322149944E-05
5.1180E-07,8.53606245015E-03,3.220521512721E-05
5.1200E-07,8.75099540222E-03,3.274291668367E-05
5.1220E-07,8.81957659963E-03,3.439813715686E-05
5.1240E-07,8.67237803992E-03,3.494705803041E-05
5.1260E-07,8.50397862028E-03,3.379935727735E-05
5.1280E-07,8.48822087515E-03,3.302471789811E-05
5.1300E-07,8.49652221892E-03,3.574597470742E-05
5.1320E-07,8.48540688399E-03,3.655221828540E-05
5.1340E-07,8.69297679979E-03,3.060290653539E-05
5.1360E-07,8.74130662065E-03,2.528163370025E-05
5.1380E-07,8.55327608529E-03,2.922281951924E-05
5.1400E-07,8.41865922790E-03,3.896472531651E-05
5.1420E-07,8.39466300327E-03,3.723778308649E-05
5.1440E-07,8.33114657085E-03,3.392810535897E-05
5.1460E-07,8.48304109182E-03,3.627718890366E-05
5.1480E-07,8.56113737915E-03,3.666536201072E-05
5.1500E-07,8.47519469913E-03,3.218890305889E-05
5.1520E-07,8.40186468791E-03,3.137119732146E-05
5.1540E-07,8.41419679578E-03,3.705515175407E-05
5.1560E-07,8.40507635381E-03,3.796610895824E-05
5.1580E-07,8.32907461096E-03,3.234409320448E-05
5.1600E-07,8.53936398867E-03,3.035079453421E-05
5.1620E-07,8.61427701544E-03,3.354867457692E-05
5.1640E-07,8.54700665455E-03,3.131607904379E-05
5.1660E-07,8.48243596498E-03,2.968088959624E-05
5.1680E-07,8.57874566223E-03,3.125694345963E-05
5.1700E-07,8.47737981472E-03,3.319669192006E-05
5.1720E-07,8.48376892041E-03,2.782784973551E-05
5.1740E-07,8.69005663786E-03,2.472945180070E-05
5.1760E-07,8.59358884860E-03,3.102059539688E-05
5.1780E-07,8.43789802398E-03,2.877999300417E-05
5.1800E-07,8.47561751958E-03,2.589386010823E-05
5.1820E-07,8.53161864448E-03,2.673169400823E-05
5.1840E-07,8.55074242223E-03,3.065633185488E-05
5.1860E-07,8.64058874082E-03,2.964428284486E-05
5.1880E-07,8.78791675437E-03,2.498608066980E-05
5.1900E-07,8.78337539267E-03,2.862066760008E-05
5.1920E-07,8.81506969686E-03,3.076272456255E-05
5.1940E-07,8.72410811949E-03,2.987801514846E-05
5.1960E-07,8.48638547119E-03,3.236124481355E-05
5.1980E-07,8.38331250939E-03,3.418512277585E-05
5.2000E-07,8.45228253398E-03,2.609022244160E-05
5.2020E-07,8.49551103543E-03,1.977925597039E-05
5.2040E-07,8.62149313558E-03,2.279219420907E-05
5.2060E-07,8.61394988838E-03,2.231877649483E-05
5.2080E-07,8.54659966659E-03,2.052046636400E-05
5.2100E-07,8.57792400289E-03,2.526618198772E-05
5.2120E-07,8.56046473142E-03,2.345523711574E-05
5.2140E-07,8.57922575902E-03,1.844301240799E-05
5.2160E-07,8.53749482427E-03,1.652058901545E-05
5.2180E-07,8.46480556298E-03,1.869683818240E-05
5.2200E-07,8.56040326413E-03,2.266505582538E-05
5.2220E-07,8.59117392916E-03,2.424208799657E-05
5.2240E-07,8.50167313125E-03,2.213355021831E-05
5.2260E-07,8.46595667768E-03,2.039663063642E-05
5.2280E-07,8.48303713370E-03,1.826642438118E-05
5.2300E-07,8.58198573347E-03,2.205163602066E-05
5.2320E-07,8.60734145623E-03,1.973217230570E-05
5.2340E-07,8.67205673363E-03,1.238552479353E-05
5.2360E-07,8.57547439169E-03,2.021019708645E-05
5.2380E-07,8.42691749800E-03,2.782531723660E-05
5.2400E-07,8.47693091724E-03,2.448250193429E-05
5.2420E-07,8.49928731564E-03,2.119346580748E-05
5.2440E-07,8.56467756908E-03,2.158967352752E-05
5.2460E-07,8.46212056000E-03,1.877130752709E-05
5.2480E-07,8.56660470832E-03,1.888603319694E-05
5.2500E-07,8.46782584209E-03,2.262111523469E-05
5.2520E-07,8.40405329596E-03,2.696436474380E-05
5.2540E-07,8.69093277957E-03,2.306466333848E-05
5.2560E-07,8.77491130028E-03,1.871830544715E-05
5.2580E-07,8.51816056762E-03,2.031002611202E-05
5.2600E-07,8.35648762528E-03,1.675683300291E-05
5.2620E-07,8.36085878778E-03,1.624535842147E-05
5.2640E-07,8.46011146437E-03,1.093456943799E-05
5.2660E-07,8.44457071740E-03,1.495060621109E-05
5.2680E-07,8.48184457514E-03,2.247533349600E-05
5.2700E-07,8.54222105350E-03,2.167909502332E-05
5.2720E-07,8.60171254259E-03,1.663480818552E-05
5.2740E-07,8.45843485091E-03,1.844392827061E-05
5.2760E-07,8.33834662568E-03,1.699522787985E-05
5.2780E-07,8.37119739968E-03,1.374294420984E-05
5.2800E-07,8.36757688317E-03,1.791412949842E-05
5.2820E-07,8.41103192884E-03,1.552623280604E-05
5.2840E-07,8.42998178210E-03,1.621393461992E-05
5.2860E-07,8.38520425837E-03,2.160759529379E-05
5.2880E-07,8.40643887874E-03,1.877479751874E-05
5.2900E-07,8.35304010194E-03,1.703982067574E-05
5.2920E-07,8.47314322833E-03,2.072870715801E-05
5.2940E-07,8.44402379822E-03,2.207473379840E-05
5.2960E-07,8.47317466047E-03,2.017757988815E-05
5.2980E-07,8.56715977657E-03,1.921951820423E-05
5.3000E-07,8.39188253973E-03,1.897762639728E-05
5.3020E-07,8.30904698465E-03,1.158002361935E-05
5.3040E-07,8.53170898277E-03,1.498833003734E-05
5.3060E-07,8.68145354558E-03,2.003520488088E-05
5.3080E-07,8.61667866353E-03,2.408563507070E-05
5.3100E-07,8.64401950035E-03,2.391234276165E-05
5.3120E-07,8.64205417689E-03,1.906417541486E-05
5.3140E-07,8.55855808128E-03,1.597218158004E-05
5.3160E-07,8.51642132271E-03,2.033136848640E-05
5.3180E-07,8.45993078779E-03,1.804846989271E-05
5.3200E-07,8.47194787580E-03,1.503079969716E-05
5.3220E-07,8.62267358694E-03,1.644881869015E-05
5.3240E-07,8.64182902966E-03,1.732418908086E-05
5.3260E-07,8.56854884419E-03,1.349217824918E-05
5.3280E-07,8.51047412958E-03,1.192834976409E-05
5.3300E-07,8.50694977213E-03,1.275498516206E-05
5.3320E-07,8.61564722378E-03,1.138139938284E-05
5.3340E-07,8.57351814862E-03,1.448208003585E-05
5.3360E-07,8.44782103319E-03,1.701578622033E-05
5.3380E-07,8.27125670854E-03,1.344822378178E-05
5.3400E-07,8.34604749922E-03,1.167475295533E-05
5.3420E-07,8.62767967861E-03,1.260006561224E-05
5.3440E-07,8.63800734747E-03,1.442127924692E-05
5.3460E-07,8.53130618576E-03,1.213524451759E-05
5.3480E-07,8.64607586060E-03,1.311438491848E-05
5.3500E-07,8.56967364903E-03,1.404254230019E-05
5.3520E-07,8.56115600560E-03,1.428661968839E-05
5.3540E-07,8.61525956076E-03,1.524280801695E-05
5.3560E-07,8.57559406664E-03,9.454070574609E-06
5.3580E-07,8.49518274423E-03,5.852864061488E-06
5.3600E-07,8.28163629863E-03,1.557373277192E-05
5.3620E-07,8.44348223414E-03,1.857038669568E-05
5.3640E-07,8.67518574465E-03,1.565480049048E-05
5.3660E-07,8.66378053557E-03,1.476173036081E-05
5.3680E-07,8.52381858509E-03,8.371583403095E-06
5.3700E-07,8.41580146458E-03,8.947660990997E-06
5.3720E-07,8.52839836385E-03,1.576698672306E-05
5.3740E-07,8.54306133930E-03,1.667797168066E-05
5.3760E-07,8.47573626321E-03,1.015163872671E-05
5.3780E-07,8.52632407565E-03,9.389918561099E-06
5.3800E-07,8.67659274023E-03,1.451818722580E-05
5.3820E-07,8.60523922834E-03,2.154596884084E-05
5.3840E-07,8.42003758531E-03,2.134531166685E-05
5.3860E-07,8.36898457724E-03,2.438845949528E-05
5.3880E-07,8.43681652564E-03,2.079276897293E-05
5.3900E-07,8.43447727617E-03,1.064619066474E-05
5.3920E-07,8.43206375372E-03,8.288274596452E-06
5.3940E-07,8.56366312597E-03,1.609065396060E-05
5.3960E-07,8.59430270735E-03,1.655081248191E-05
5.3980E-07,8.67170050274E-03,1.206764414255E-05
5.4000E-07,8.65092129912E-03,1.539189935010E-05
5.4020E-07,8.45052047167E-03,1.793869820703E-05
5.4040E-07,8.46894552465E-03,1.645328698960E-05
5.4060E-07,8.62164517399E-03,1.361783182528E-05
5.4080E-07,8.64207769278E-03,1.439044520539E-05
5.4100E-07,8.62718421500E-03,1.400498499442E-05
5.4120E-07,8.65872252267E-03,1.565520985332E-05
5.4140E-07,8.55804864783E-03,1.618268427719E-05
5.4160E-07,8.48211884964E-03,1.664640911203E-05
5.4180E-07,8.48658663686E-03,1.700227030833E-05
5.4200E-07,8.50828528870E-03,1.797304999363E-05
5.4220E-07,8.64635246340E-03,1.844023012836E-05
5.4240E-07,8.70990661438E-03,1.765471141134E-05
5.4260E-07,8.70445185807E-03,1.987885603030E-05
5.4280E-07,8.70767539833E-03,1.766295417492E-05
5.4300E-07,8.64208863582E-03,1.790927958955E-05
5.4320E-07,8.55020062532E-03,1.931918070932E-05
5.4340E-07,8.60000449698E-03,1.963892777730E-05
5.4360E-07,8.61939882394E-03,1.923179908936E-05
5.4380E-07,8.48239405546E-03,1.674989464973E-05
5.4400E-07,8.44761707354E-03,2.048365840037E-05
5.4420E-07,8.47380889114E-03,2.078595551011E-05
5.4440E-07,8.51376868319E-03,1.676169678849E-05
5.4460E-07,8.42573099304E-03,1.389213267994E-05
5.4480E-07,8.44201214146E-03,1.266773537081E-05
5.4500E-07,8.36219965946E-03,1.491374967900E-05
5.4520E-07,8.27077474911E-03,2.127710765508E-05
5.4540E-07,8.31096294802E-03,2.408087536041E-05
5.4560E-07,8.33407534752E-03,2.075627323520E-05
5.4580E-07,8.43299740460E-03,1.930435344857E-05
5.4600E-07,8.62662984524E-03,2.254266327527E-05
5.4620E-07,8.57553399634E-03,2.218596253824E-05
5.4640E-07,8.46419740934E-03,1.902021400911E-05
5.4660E-07,8.41212017927E-03,1.864885253181E-05
5.4680E-07,8.41374836396E-03,2.767211146001E-05
5.4700E-07,8.47855910193E-03,2.744730881695E-05
5.4720E-07,8.48694100510E-03,2.253560003173E-05
5.4740E-07,8.45151023473E-03,1.472322250065E-05
5.4760E-07,8.46542140003E-03,1.989790180978E-05
5.4780E-07,8.51511490997E-03,2.341888708342E-05
5.4800E-07,8.52620230522E-03,1.833735516575E-05
5.4820E-07,8.53120746557E-03,1.725734498632E-05
5.4840E-07,8.46128213685E-03,1.773126226198E-05
5.4860E-07,8.60758127179E-03,2.127524817643E-05
5.4880E-07,8.60841480549E-03,2.530104721245E-05
5.4900E-07,8.47039070446E-03,2.726045896579E-05
5.4920E-07,8.40394200291E-03,2.539236287866E-05
5.4940E-07,8.37512734812E-03,2.724229435716E-05
5.4960E-07,8.47526152152E-03,2.322527233791E-05
5.4980E-07,8.45479850192E-03,2.107942703460E-05
5.5000E-07,8.40662840288E-03,2.708393338416E-05
5.5020E-07,8.52144953329E-03,2.934628751409E-05
5.5040E-07,8.67367513943E-03,2.756734232698E-05
5.5060E-07,8.58327771071E-03,2.529046622385E-05
5.5080E-07,8.41868903022E-03,2.580787309726E-05
5.5100E-07,8.24418083299E-03,2.348623767775E-05
5.5120E-07,8.36953056510E-03,2.217180829775E-05
5.5140E-07,8.55508424807E-03,2.456208484527E-05
5.5160E-07,8.58106907923E-03,2.617042286602E-05
5.5180E-07,8.45897525083E-03,2.526499552932E-05
5.5200E-07,8.36299337912E-03,2.791158872005E-05
5.5220E-07,8.46996951383E-03,3.169466334675E-05
5.5240E-07,8.55728100520E-03,2.866974257213E-05
5.5260E-07,8.54159986135E-03,2.691821081844E-05
5.5280E-07,8.50580098573E-03,2.955187785719E-05
5.5300E-07,8.67813524324E-03,3.228032280040E-05
5.5320E-07,8.59875349793E-03,2.808440922108E-05
5.5340E-07,8.42442946974E-03,2.466209426802E-05
5.5360E-07,8.49282696377E-03,2.684845955391E-05
5.5380E-07,8.58482882846E-03,3.155949728843E-05
5.5400E-07,8.62061000895E-03,3.115084910114E-05
5.5420E-07,8.56893138494E-03,3.171564492677E-05
5.5440E-07,8.46691407729E-03,3.218769578543E-05
5.5460E-07,8.34483724553E-03,3.043882142101E-05
5.5480E-07,8.41948484536E-03,3.146820937563E-05
5.5500E-07,8.39546137955E-03,3.191737060715E-05
5.5520E-07,8.62218976486E-03,3.212579873670E-05
5.5540E-07,8.59866432380E-03,3.459063482751E-05
5.5560E-07,8.42331141699E-03,3.161666238029E-05
5.5580E-07,8.49083765875E-03,2.804159958196E-05
5.5600E-07,8.70191819500E-03,2.807255851385E-05
5.5620E-07,8.73072586488E-03,3.233344283235E-05
5.5640E-07,8.75472744461E-03,3.574478131068E-05
5.5660E-07,8.69224524591E-03,3.491940869299E-05
5.5680E-07,8.64580740686E-03,3.585325552431E-05
5.5700E-07,8.52354896720E-03,3.663279338089E-05
5.5720E-07,8.49941653665E-03,3.612845142652E-05
5.5740E-07,8.40945589822E-03,3.635079789256E-05
5.5760E-07,8.38030922692E-03,3.367119201739E-05
5.5780E-07,8.42636638787E-03,2.849445895572E-05
5.5800E-07,8.52659462485E-03,2.639392109868E-05
5.5820E-07,8.61809776630E-03,2.970526403096E-05
5.5840E-07,8.49033637438E-03,2.821944345069E-05
5.5860E-07,8.54066248517E-03,2.828684261349E-05
5.5880E-07,8.66037259344E-03,3.064688875620E-05
5.5900E-07,8.57391372789E-03,3.296203681548E-05
5.5920E-07,8.48215866368E-03,2.956667736453E-05
5.5940E-07,8.51642411668E-03,2.876563061309E-05
5.5960E-07,8.44490878750E-03,2.965748653096E-05
5.5980E-07,8.55347888078E-03,2.845996840206E-05
5.6000E-07,8.64524721634E-03,3.202476937604E-05
5.6020E-07,8.56582263019E-03,3.064912290592E-05
5.6040E-07,8.34847126622E-03,2.828592675087E-05
5.6060E-07,8.45086948480E-03,2.565654761438E-05
5.6080E-07,8.51048414130E-03,2.802582870517E-05
5.6100E-07,8.37568451185E-03,2.526964422595E-05
5.6120E-07,8.35091948043E-03,2.487522660103E-05
5.6140E-07,8.40485423338E-03,2.628302539979E-05
5.6160E-07,8.36303156335E-03,2.778114074190E-05
5.6180E-07,8.45817361493E-03,2.721284798626E-05
5.6200E-07,8.58412707690E-03,3.065641511512E-05
5.6220E-07,8.61559134442E-03,3.198655986507E-05
5.6240E-07,8.54962530080E-03,2.568004781660E-05
5.6260E-07,8.49890011828E-03,2.794240888488E-05
5.6280E-07,8.63788650837E-03,3.152543691267E-05
5.6300E-07,8.59170943964E-03,2.962040797156E-05
5.6320E-07,8.44047895167E-03,2.482880901825E-05
5.6340E-07,8.52347539272E-03,2.530684767571E-05
5.6360E-07,8.55025603901E-03,2.484904125613E-05
5.6380E-07,8.47543404903E-03,2.375858885516E-05
5.6400E-07,8.55538925622E-03,2.978192589526E-05
5.6420E-07,8.57469440903E-03,3.065366058890E-05
5.6440E-07,8.49682047497E-03,2.882419031393E-05
5.6460E-07,8.53723265696E-03,3.099336236064E-05
5.6480E-07,8.62486871425E-03,3.261067861040E-05
5.6500E-07,8.61134754028E-03,3.456085541566E-05
5.6520E-07,8.52127793711E-03,3.120699425508E-05
5.6540E-07,8.53875886183E-03,2.671033775714E-05
5.6560E-07,8.37860350963E-03,2.627112612408E-05
5.6580E-07,8.27199757565E-03,2.546316183452E-05
5.6600E-07,8.39693054091E-03,2.548323449027E-05
5.6620E-07,8.52781186346E-03,2.160583989043E-05
5.6640E-07,8.44785013702E-03,1.742016038206E-05
5.6660E-07,8.42534565832E-03,2.098256762420E-05
5.6680E-07,8.40189262759E-03,2.555316615198E-05
5.6700E-07,8.43266096432E-03,2.109713371192E-05
5.6720E-07,8.56943755876E-03,2.187227265258E-05
5.6740E-07,8.62119604368E-03,2.277835219447E-05
5.6760E-07,8.51434959564E-03,2.257498906274E-05
5.6780E-07,8.33258220460E-03,1.960592896958E-05
5.6800E-07,8.35054089781E-03,1.992031962891E-05
5.6820E-07,8.37262581568E-03,2.242648748961E-05
5.6840E-07,8.30909261946E-03,2.229742718209E-05
5.6860E-07,8.29384710174E-03,2.095291310270E-05
5.6880E-07,8.50756770465E-03,2.377368671168E-05
5.6900E-07,8.57466693502E-03,2.508585418855E-05
5.6920E-07,8.50170782301E-03,1.867326165829E-05
5.6940E-07,8.44296558294E-03,1.721493777168E-05
5.6960E-07,8.48870516289E-03,1.910455663037E-05
5.6980E-07,8.49729125854E-03,1.679504945223E-05
5.7000E-07,8.69343081955E-03,1.425085247774E-05
5.7020E-07,8.72091391589E-03,1.719059802872E-05
5.7040E-07,8.58866797294E-03,1.761420530547E-05
5.7060E-07,8.60137982760E-03,1.863956207689E-05
5.7080E-07,8.69838475715E-03,2.023250389193E-05
5.7100E-07,8.61198712606E-03,1.527328126412E-05
5.7120E-07,8.53852719534E-03,1.381890530047E-05
5.7140E-07,8.58673780691E-03,1.597716331762E-05
5.7160E-07,8.59714487102E-03,1.460216905270E-05
5.7180E-07,8.50577118341E-03,1.525459627901E-05
5.7200E-07,8.39080267120E-03,1.573450829183E-05
5.7220E-07,8.27866351697E-03,1.435467105639E-05
5.7240E-07,8.31099507864E-03,1.314181916696E-05
5.7260E-07,8.38900521863E-03,1.326272690949E-05
5.7280E-07,8.56161933858E-03,1.104053196777E-05
5.7300E-07,8.58124719467E-03,1.048955040333E-05
5.7320E-07,8.54850538541E-03,1.418786610757E-05
5.7340E-07,8.47523497883E-03,1.457355528419E-05
5.7360E-07,8.42420618515E-03,1.544422840980E-05
5.7380E-07,8.45484064426E-03,1.322945056763E-05
5.7400E-07,8.52538530249E-03,5.938108668668E-06
5.7420E-07,8.63197680097E-03,9.317954378259E-07
5.7440E-07,8.48970726598E-03,7.550470934255E-06
5.7460E-07,8.44170317519E-03,1.366488079821E-05
5.7480E-07,8.41474976856E-03,1.242051490863E-05
5.7500E-07,8.44012318645E-03,9.976722843020E-06
5.7520E-07,8.45734171104E-03,1.439501758014E-05
5.7540E-07,8.50173762534E-03,1.285984449369E-05
5.7560E-07,8.44638050999E-03,5.726176670759E-06
5.7580E-07,8.51156633813E-03,3.736423498957E-06
5.7600E-07,8.66461174097E-03,1.020443959442E-05
5.7620E-07,8.61494197976E-03,1.142599217874E-05
5.7640E-07,8.47401168663E-03,8.622557514354E-06
5.7660E-07,8.59665988479E-03,1.105364545529E-05
5.7680E-07,8.71370291803E-03,1.458427503985E-05
5.7700E-07,8.55039224494E-03,1.222123846692E-05
5.7720E-07,8.52406515274E-03,1.192853016128E-05
5.7740E-07,8.54938478675E-03,8.389643936424E-06
5.7760E-07,8.49223254714E-03,4.391355470760E-06
5.7780E-07,8.53774348739E-03,5.893335475593E-06
5.7800E-07,8.47969601396E-03,9.740215198143E-06
5.7820E-07,8.41515209991E-03,9.630221485167E-06
5.7840E-07,8.48705718759E-03,5.268002518459E-06
5.7860E-07,8.51416682359E-03,4.979908217682E-06
5.7880E-07,8.44141097274E-03,5.189050997613E-06
5.7900E-07,8.47417303827E-03,4.474567140459E-06
5.7920E-07,8.57111906167E-03,7.057258098393E-06
5.7940E-07,8.62668432761E-03,5.707019877626E-06
5.7960E-07,8.54331628885E-03,4.178126000806E-06
5.7980E-07,8.56115321163E-03,4.283699982805E-06
5.8000E-07,8.54580641258E-03,8.030986583798E-06
5.8020E-07,8.60291697550E-03,1.025567239430E-05
5.8040E-07,8.46291334834E-03,1.170490703825E-05
5.8060E-07,8.37476110551E-03,1.052028730792E-05
5.8080E-07,8.47284357529E-03,7.497732511727E-06
5.8100E-07,8.61699368339E-03,4.281007901771E-06
5.8120E-07,8.45702575985E-03,3.213056580170E-06
5.8140E-07,8.58538785484E-03,6.163965941414E-06
5.8160E-07,8.64674920682E-03,7.626140614047E-06
5.8180E-07,8.54362269398E-03,7.600198111503E-06
5.8200E-07,8.48072861787E-03,9.412100476220E-06
5.8220E-07,8.62546988297E-03,1.081150386762E-05
5.8240E-07,8.63917033654E-03,6.581238501712E-06
5.8260E-07,8.54456519242E-03,4.446015817120E-06
5.8280E-07,8.47477490548E-03,6.792032609700E-06
5.8300E-07,8.40061112773E-03,6.000130607753E-06
5.8320E-07,8.49994319957E-03,2.863502346916E-06
5.8340E-07,8.58906518202E-03,6.602254773497E-06
5.8360E-07,8.44416535925E-03,1.182774364297E-05
5.8380E-07,8.38022168260E-03,1.155807760824E-05
5.8400E-07,8.42839480843E-03,1.067882173975E-05
5.8420E-07,8.43571290839E-03,1.190857545753E-05
5.8440E-07,8.25429499615E-03,1.576201886219E-05
5.8460E-07,8.34292989690E-03,1.257755065617E-05
5.8480E-07,8.47254997585E-03,7.784626477405E-06
5.8500E-07,8.37228076067E-03,9.443711613311E-06
5.8520E-07,8.38722359855E-03,1.274154557195E-05
5.8540E-07,8.46145629417E-03,1.963951753732E-05
5.8560E-07,8.37176876608E-03,2.136929061544E-05
5.8580E-07,8.47258559894E-03,2.199497049023E-05
5.8600E-07,8.65703356918E-03,1.823560421635E-05
5.8620E-07,8.79514335189E-03,1.336742665899E-05
5.8640E-07,8.75799475703E-03,1.545784145874E-05
5.8660E-07,8.58432055917E-03,2.020085112472E-05
5.8680E-07,8.51649024058E-03,1.714060719405E-05
5.8700E-07,8.53045146447E-03,1.904206288327E-05
5.8720E-07,8.46631221007E-03,2.530042969902E-05
5.8740E-07,8.49636785220E-03,2.312417359371E-05
5.8760E-07,8.66078074556E-03,1.617421948631E-05
5.8780E-07,8.64123391453E-03,1.672846901511E-05
5.8800E-07,8.54428020771E-03,1.775735046994E-05
5.8820E-07,8.41974608134E-03,1.889849447925E-05
5.8840E-07,8.48512399476E-03,2.004520998616E-05
5.8860E-07,8.59136228915E-03,2.111135733594E-05
5.8880E-07,8.65459396969E-03,2.425162129384E-05
5.8900E-07,8.61279272009E-03,2.334806731251E-05
5.8920E-07,8.54853355791E-03,2.184318707605E-05
5.8940E-07,8.58243858907E-03,2.046699941438E-05
5.8960E-07,8.39639805723E-03,2.201972653438E-05
5.8980E-07,8.37676065508E-03,2.546608288121E-05
5.9000E-07,8.52660044562E-03,2.901625086833E-05
5.9020E-07,8.64927029703E-03,2.953848683555E-05
5.9040E-07,8.50560796913E-03,2.588399377000E-05
5.9060E-07,8.48791563418E-03,2.287353946176E-05
5.9080E-07,8.38028803933E-03,2.691807205137E-05
5.9100E-07,8.35258165840E-03,3.171903084312E-05
5.9120E-07,8.35371973459E-03,3.133769201395E-05
5.9140E-07,8.38457747828E-03,2.650859820005E-05
5.9160E-07,8.43975950498E-03,2.984471105319E-05
5.9180E-07,8.52898695972E-03,3.574539882411E-05
5.9200E-07,8.54775427375E-03,2.978868385126E-05
5.9220E-07,8.51107832510E-03,2.652871248592E-05
5.9240E-07,8.49857881199E-03,3.023159362656E-05
5.9260E-07,8.48618477117E-03,3.103599160258E-05
5.9280E-07,8.39930145536E-03,2.987775842939E-05
5.9300E-07,8.34662491921E-03,3.084386166465E-05
5.9320E-07,8.41834676918E-03,3.647119913530E-05
5.9340E-07,8.51407462265E-03,4.085807700921E-05
5.9360E-07,8.66752957459E-03,3.946478630696E-05
5.9380E-07,8.66962691303E-03,3.327788452898E-05
5.9400E-07,8.55614549015E-03,3.723733903189E-05
5.9420E-07,8.57936662156E-03,4.307676114422E-05
5.9440E-07,8.64028745796E-03,4.108237315249E-05
5.9460E-07,8.66064849775E-03,3.888413634431E-05
5.9480E-07,8.54509371798E-03,3.657435857040E-05
5.9500E-07,8.51806208026E-03,3.734530674574E-05
5.9520E-07,8.44598586205E-03,4.202313058358E-05
5.9540E-07,8.46327563282E-03,3.943955845480E-05
5.9560E-07,8.48593657371E-03,3.634984039982E-05
5.9580E-07,8.56118697207E-03,3.797011238803E-05
5.9600E-07,8.61323090736E-03,3.799376523402E-05
5.9620E-07,8.52141763549E-03,3.633943287004E-05
5.9640E-07,8.51729350630E-03,3.405914309715E-05
5.9660E-07,8.53871089872E-03,3.508378521819E-05
5.9680E-07,8.48862530198E-03,3.748263063189E-05
5.9700E-07,8.50047079381E-03,3.693451460731E-05
5.9720E-07,8.48960994277E-03,4.175509506185E-05
5.9740E-07,8.50868529174E-03,4.784643490147E-05
5.9760E-07,8.60979432706E-03,4.643852508907E-05
5.9780E-07,8.58563302550E-03,3.634503905941E-05
5.9800E-07,8.54098495562E-03,3.383347315994E-05
5.9820E-07,8.41909043025E-03,3.647575069499E-05
5.9840E-07,8.52117735427E-03,4.283219807130E-05
5.9860E-07,8.56727176811E-03,4.425893857424E-05
5.9880E-07,8.46333244350E-03,4.307037092094E-05
5.9900E-07,8.40412035119E-03,4.301269932930E-05
5.9920E-07,8.53991090786E-03,4.273932127562E-05
5.9940E-07,8.56363285798E-03,4.469827509765E-05
5.9960E-07,8.49377179053E-03,4.765023908858E-05
5.9980E-07,8.55453709606E-03,4.350537097362E-05
6.0000E-07,8.53897981811E-03,3.916161496472E-05
6.0020E-07,8.43192009721E-03,3.918587838580E-05
6.0040E-07,8.41401053127E-03,3.871350142453E-05
6.0060E-07,8.56107824016E-03,4.406110530999E-05
6.0080E-07,8.54716986883E-03,4.380517027621E-05
6.0100E-07,8.61829590518E-03,4.083357074578E-05
6.0120E-07,8.62257672939E-03,3.700604209025E-05
6.0140E-07,8.47689343151E-03,3.917901635450E-05
6.0160E-07,8.39413377922E-03,4.300013397169E-05
6.0180E-07,8.43210426625E-03,3.883188360651E-05
6.0200E-07,8.36607396137E-03,4.073900793028E-05
6.0220E-07,8.39144737925E-03,4.534164083470E-05
6.0240E-07,8.43425701838E-03,4.201826679800E-05
6.0260E-07,8.62411923241E-03,3.986632268225E-05
6.0280E-07,8.81319261622E-03,4.039130623732E-05
6.0300E-07,8.63715867977E-03,3.738457088639E-05
6.0320E-07,8.52336782496E-03,3.350514334906E-05
6.0340E-07,8.59873836394E-03,3.211069394183E-05
6.0360E-07,8.59424682800E-03,4.097377404851E-05
6.0380E-07,8.44968973193E-03,4.416014336330E-05
6.0400E-07,8.51558965165E-03,4.141677402240E-05
6.0420E-07,8.55632313993E-03,3.981128072646E-05
6.0440E-07,8.42771494295E-03,3.728137675953E-05
6.0460E-07,8.47999962512E-03,4.123067351338E-05
6.0480E-07,8.58588634524E-03,4.011912851874E-05
6.0500E-07,8.60336191486E-03,3.830335455295E-05
6.0520E-07,8.54215632658E-03,4.392668859382E-05
6.0540E-07,8.61495362129E-03,5.130219965522E-05
6.0560E-07,8.52435269859E-03,4.907523806487E-05
6.0580E-07,8.40445795562E-03,4.608311488573E-05
6.0600E-07,8.48985464778E-03,3.978836334590E-05
6.0620E-07,8.53552647401E-03,3.801065318567E-05
6.0640E-07,8.50851020310E-03,3.807039934491E-05
6.0660E-07,8.49409356248E-03,4.186621972640E-05
6.0680E-07,8.58971477952E-03,4.222551540752E-05
6.0700E-07,8.63782178145E-03,4.007810203639E-05
6.0720E-07,8.77493504900E-03,3.620061029960E-05
6.0740E-07,8.62375671510E-03,4.219594414626E-05
6.0760E-07,8.49049539771E-03,4.013573893626E-05
6.0780E-07,8.43008562457E-03,3.687937551458E-05
6.0800E-07,8.45586253796E-03,4.272058772203E-05
6.0820E-07,8.43959792051E-03,4.447029468884E-05
6.0840E-07,8.53536977898E-03,4.055509994087E-05
6.0860E-07,8.68739678059E-03,3.838265992981E-05
6.0880E-07,8.70224439073E-03,3.763935415354E-05
6.0900E-07,8.48456240725E-03,4.113418183570E-05
6.0920E-07,8.63927650731E-03,4.173236501683E-05
6.0940E-07,8.57353002299E-03,4.198909796123E-05
6.0960E-07,8.38018908631E-03,4.115503158700E-05
6.0980E-07,8.36044597905E-03,4.253368236405E-05
6.1000E-07,8.65252759773E-03,4.393894866389E-05
6.1020E-07,8.72292557266E-03,4.010285114218E-05
6.1040E-07,8.63205899019E-03,3.880607987103E-05
6.1060E-07,8.59585778322E-03,4.028546165955E-05
6.1080E-07,8.67377991322E-03,4.715720664990E-05
6.1100E-07,8.75242428388E-03,4.111540665199E-05
6.1120E-07,8.52512313519E-03,3.045928956289E-05
6.1140E-07,8.43592175748E-03,3.597328903434E-05
6.1160E-07,8.54665857274E-03,4.410444920231E-05
6.1180E-07,8.57990748715E-03,3.751641347353E-05
6.1200E-07,8.41798355337E-03,3.829670761061E-05
6.1220E-07,8.40660535265E-03,4.405123897177E-05
6.1240E-07,8.26641383115E-03,3.576246717293E-05
6.1260E-07,8.11146480497E-03,3.331894570310E-05
6.1280E-07,8.90705107245E-03,3.879476341699E-05
6.1300E-07,1.05783543689E-02,3.921356935334E-05
6.1320E-07,1.16145170899E-02,4.213618411031E-05
6.1340E-07,1.22457815008E-02,4.248422578257E-05
6.1360E-07,1.24118595989E-02,3.800245205221E-05
6.1380E-07,1.24957934162E-02,3.917702504714E-05
6.1400E-07,1.36077900091E-02,4.213793951367E-05
6.1420E-07,1.42105077533E-02,4.312095845398E-05
6.1440E-07,1.40770294378E-02,4.497666958068E-05
6.1460E-07,1.39527337300E-02,4.435688730609E-05
6.1480E-07,1.46028802404E-02,4.256084601675E-05
6.1500E-07,1.57397925062E-02,4.220003083628E-05
6.1520E-07,1.56502491003E-02,4.038272349444E-05
6.1540E-07,1.41054859990E-02,3.573291672674E-05
6.1560E-07,1.31975230901E-02,3.664227117133E-05
6.1580E-07,1.32753949286E-02,3.853084233870E-05
6.1600E-07,1.35041170428E-02,4.227744898107E-05
6.1620E-07,1.39303770987E-02,4.002363596392E-05
6.1640E-07,1.47071923269E-02,3.917609530781E-05
6.1660E-07,1.56093600811E-02,4.407192220260E-05
6.1680E-07,1.60361051233E-02,4.069988255669E-05
6.1700E-07,1.61798785115E-02,3.713403389138E-05
6.1720E-07,1.59467079351E-02,4.062358842511E-05
6.1740E-07,1.52879431983E-02,4.209099461605E-05
6.1760E-07,1.45582952676E-02,3.795798414667E-05
6.1780E-07,1.38199064089E-02,3.220606854465E-05
6.1800E-07,1.30301138991E-02,3.584253576864E-05
6.1820E-07,1.23757601390E-02,3.975263776538E-05
6.1840E-07,1.18902716925E-02,4.025039522257E-05
6.1860E-07,1.13481721049E-02,3.856434070785E-05
6.1880E-07,1.06036146311E-02,4.040632083361E-05
6.1900E-07,1.00826723641E-02,4.106329268125E-05
6.1920E-07,9.53816088382E-03,4.218677858171E-05
6.1940E-07,9.11254926119E-03,3.994308168349E-05
6.1960E-07,8.56929902453E-03,3.944245174807E-05
6.1980E-07,8.21342180949E-03,3.600204850827E-05
6.2000E-07,8.01062445622E-03,3.604006374535E-05
6.2020E-07,7.94535946567E-03,3.907769558300E-05
6.2040E-07,7.92726316955E-03,4.079744967912E-05
6.2060E-07,7.74153835606E-03,3.957841571700E-05
6.2080E-07,7.72011584137E-03,4.217657920253E-05
6.2100E-07,8.10339349788E-03,4.055553705712E-05
6.2120E-07,8.34220020566E-03,3.876274291706E-05
6.2140E-07,8.52785656694E-03,3.823800220434E-05
6.2160E-07,8.75936170574E-03,3.882945518289E-05
6.2180E-07,8.92988756765E-03,4.071390496847E-05
6.2200E-07,9.10646446515E-03,3.561664380413E-05
6.2220E-07,9.39771208446E-03,3.487337271963E-05
6.2240E-07,9.61026527453E-03,3.991577926372E-05
6.2260E-07,9.80214217212E-03,3.562546245102E-05
6.2280E-07,9.85386573244E-03,3.671307012719E-05
6.2300E-07,9.97614303138E-03,4.210160335806E-05
6.2320E-07,1.00249701785E-02,3.838028701302E-05
6.2340E-07,1.01529297093E-02,3.260161018279E-05
6.2360E-07,1.01547180815E-02,3.354795298819E-05
6.2380E-07,1.03031974426E-02,3.697482643929E-05
6.2400E-07,1.03334360896E-02,3.764728469123E-05
6.2420E-07,1.00575045357E-02,3.952689150628E-05
6.2440E-07,9.91792093497E-03,3.946498751920E-05
6.2460E-07,1.00647194916E-02,3.458801213001E-05
6.2480E-07,1.00823878450E-02,3.384745394160E-05
6.2500E-07,9.87384050619E-03,3.424117079285E-05
6.2520E-07,9.60759540554E-03,3.908904672880E-05
6.2540E-07,9.66759819072E-03,3.756188744028E-05
6.2560E-07,9.76116514299E-03,3.356030325685E-05
6.2580E-07,9.49128834996E-03,3.059955531080E-05
6.2600E-07,9.40965629648E-03,3.510331668240E-05
6.2620E-07,9.28907121066E-03,3.244780076948E-05
6.2640E-07,9.05291364994E-03,2.855641844962E-05
6.2660E-07,9.09352816176E-03,3.293165376690E-05
6.2680E-07,9.22718808520E-03,3.315504098591E-05
6.2700E-07,9.04821629170E-03,3.233611409832E-05
6.2720E-07,8.96893000696E-03,3.558233364765E-05
6.2740E-07,8.92814506311E-03,3.833987804410E-05
6.2760E-07,8.96618260536E-03,3.901452881564E-05
6.2780E-07,9.03156261425E-03,3.488376637269E-05
6.2800E-07,8.93532998394E-03,3.468198518549E-05
6.2820E-07,8.76138477120E-03,3.565384031553E-05
6.2840E-07,8.75047549140E-03,3.231513945666E-05
6.2860E-07,8.91924371477E-03,2.952157113050E-05
6.2880E-07,8.88551982585E-03,2.733892480191E-05
6.2900E-07,8.82252260577E-03,3.388343624119E-05
6.2920E-07,8.83046864997E-03,3.547128530499E-05
6.2940E-07,8.89178646263E-03,3.086360821781E-05
6.2960E-07,8.68110849056E-03,3.066361018737E-05
6.2980E-07,8.37155852001E-03,3.232526945230E-05
6.3000E-07,8.37481093127E-03,3.908715255838E-05
6.3020E-07,8.53040163871E-03,4.128469553125E-05
6.3040E-07,8.52393080946E-03,3.487743859459E-05
6.3060E-07,8.54196656961E-03,2.790190971736E-05
6.3080E-07,8.55146186892E-03,2.674266354461E-05
6.3100E-07,8.57212116476E-03,2.379816522170E-05
6.3120E-07,8.46382627729E-03,2.715015996528E-05
6.3140E-07,8.22514087427E-03,3.045289240126E-05
6.3160E-07,8.14553211909E-03,2.691839815397E-05
6.3180E-07,8.16297043580E-03,3.030570911524E-05
6.3200E-07,8.14795728307E-03,3.237786910777E-05
6.3220E-07,8.06886774022E-03,2.703150718753E-05
6.3240E-07,7.95635745395E-03,2.547553291824E-05
6.3260E-07,7.88834226783E-03,2.612463667337E-05
6.3280E-07,7.83885690849E-03,2.736712226924E-05
6.3300E-07,7.94465980958E-03,2.966110835132E-05
6.3320E-07,7.93023082893E-03,2.615026695003E-05
6.3340E-07,7.74618565570E-03,2.396715575178E-05
6.3360E-07,7.66807563137E-03,2.114924768266E-05
6.3380E-07,7.85178599413E-03,1.838735987712E-05
6.3400E-07,7.84464624245E-03,1.864902599063E-05
6.3420E-07,7.80007197987E-03,2.208752118331E-05
6.3440E-07,7.79952249955E-03,2.741935419199E-05
6.3460E-07,7.74353860412E-03,2.548802195397E-05
6.3480E-07,7.88634853903E-03,2.449836300966E-05
6.3500E-07,7.98488921951E-03,2.494862743933E-05
6.3520E-07,7.91738765780E-03,2.738584888448E-05
6.3540E-07,7.77793653775E-03,2.577926626709E-05
6.3560E-07,7.82393851783E-03,2.361358421203E-05
6.3580E-07,7.67877117265E-03,2.406608972978E-05
6.3600E-07,7.69287675153E-03,2.369617142995E-05
6.3620E-07,7.83200796228E-03,2.516628357862E-05
6.3640E-07,7.86890859250E-03,2.265315654968E-05
6.3660E-07,7.88230846170E-03,1.704387961235E-05
6.3680E-07,7.91603886988E-03,2.174978296553E-05
6.3700E-07,7.96377287712E-03,2.521366559249E-05
6.3720E-07,8.02603202406E-03,2.101172952261E-05
6.3740E-07,7.95476326253E-03,1.852224146296E-05
6.3760E-07,7.91099692229E-03,1.884941950720E-05
6.3780E-07,7.71933702286E-03,1.779311768059E-05
6.3800E-07,7.67792366911E-03,1.716814551782E-05
6.3820E-07,7.86135090981E-03,1.935501036514E-05
6.3840E-07,7.94177177828E-03,1.973048628588E-05
6.3860E-07,7.77375489939E-03,1.745455379878E-05
6.3880E-07,7.89998263586E-03,1.842030317803E-05
6.3900E-07,8.02053652238E-03,2.069661033620E-05
6.3920E-07,8.01555557642E-03,1.844498290029E-05
6.3940E-07,7.94670289848E-03,1.581311289501E-05
6.3960E-07,7.97893527429E-03,1.418572909479E-05
6.3980E-07,8.01654347684E-03,1.118728507590E-05
6.4000E-07,7.99769606907E-03,1.404306961503E-05
6.4020E-07,7.91037596296E-03,1.517959961948E-05
6.4040E-07,7.90918014478E-03,1.640136729275E-05
6.4060E-07,7.94311078731E-03,1.359251377453E-05
6.4080E-07,8.00177433062E-03,8.724794148474E-06
6.4100E-07,7.92825502809E-03,1.005402997416E-05
6.4120E-07,7.77833654079E-03,1.465683633742E-05
6.4140E-07,8.00183929037E-03,1.532469446120E-05
6.4160E-07,8.11809139792E-03,1.254097165820E-05
6.4180E-07,8.17600429524E-03,1.345035385620E-05
6.4200E-07,8.16241257358E-03,1.425919237827E-05
6.4220E-07,8.19726638961E-03,1.088989338186E-05
6.4240E-07,8.15380831715E-03,9.626176425262E-06
6.4260E-07,8.21425324771E-03,1.207862061728E-05
6.4280E-07,8.07115134317E-03,1.647812629399E-05
6.4300E-07,7.96856243629E-03,1.285520273541E-05
6.4320E-07,7.92730601039E-03,8.029376885861E-06
6.4340E-07,8.13241770025E-03,8.880428348674E-06
6.4360E-07,8.22083141189E-03,1.392277244758E-05
6.4380E-07,8.12937367242E-03,9.862746515318E-06
6.4400E-07,8.10638537165E-03,3.831367923885E-06
6.4420E-07,8.24512915220E-03,9.412419640465E-06
6.4440E-07,8.12451123726E-03,1.224289306719E-05
6.4460E-07,8.09922489803E-03,1.018181362469E-05
6.4480E-07,8.05169764440E-03,7.335208526818E-06
6.4500E-07,8.15050514880E-03,1.029490878154E-05
6.4520E-07,8.30391120631E-03,1.231919413712E-05
6.4540E-07,8.38673092890E-03,1.185995841679E-05
6.4560E-07,8.46307120751E-03,5.191916537478E-06
6.4580E-07,8.45527207944E-03,8.592646273791E-06
6.4600E-07,8.28455925453E-03,8.067926376133E-06
6.4620E-07,8.21652637329E-03,3.403229902504E-06
6.4640E-07,8.24437687639E-03,-3.899282745079E-06
6.4660E-07,8.23666436132E-03,3.178989266052E-06
6.4680E-07,8.20437494200E-03,1.364634845686E-05
6.4700E-07,8.11017841566E-03,1.545976338257E-05
6.4720E-07,8.07939028833E-03,1.054166437407E-05
6.4740E-07,8.21689447854E-03,1.262805492897E-05
6.4760E-07,8.30309932586E-03,1.059567251523E-05
6.4780E-07,8.35831930395E-03,2.490343836143E-06
6.4800E-07,8.33413984161E-03,-6.813508616702E-07
6.4820E-07,8.32368411589E-03,5.980946061208E-06
6.4840E-07,8.26377120335E-03,5.896346720873E-06
6.4860E-07,8.34555878770E-03,-4.175477353787E-07
6.4880E-07,8.42389256228E-03,4.256217582214E-07
6.4900E-07,8.36847560946E-03,8.829743678688E-06
6.4920E-07,8.36383925285E-03,7.640128334058E-06
6.4940E-07,8.32550997380E-03,6.490922374713E-07
6.4960E-07,8.28335877973E-03,5.138768752112E-06
6.4980E-07,8.43980630394E-03,9.413959954872E-06
6.5000E-07,8.32396188285E-03,7.329782734631E-06
6.5020E-07,8.24304624926E-03,5.817249494611E-06
6.5040E-07,8.46526284236E-03,7.239341300919E-06
6.5060E-07,8.68608594406E-03,7.261738304986E-06
6.5080E-07,8.48402689677E-03,4.566472566693E-06
6.5100E-07,8.31511385273E-03,2.817681462510E-06
6.5120E-07,8.26781663578E-03,3.538486159412E-06
6.5140E-07,8.48639385309E-03,6.021556242375E-06
6.5160E-07,8.54490349535E-03,4.314339750452E-06
6.5180E-07,8.47972278949E-03,2.817417805090E-06
6.5200E-07,8.48081150558E-03,2.344319255098E-06
6.5220E-07,8.42399477493E-03,4.771258060827E-06
6.5240E-07,8.46620091703E-03,-7.695581456576E-07
6.5260E-07,8.40361883398E-03,-1.268474307837E-06
6.5280E-07,8.40625075158E-03,4.984418147249E-06
6.5300E-07,8.27113889623E-03,-5.364156020742E-07
6.5320E-07,8.34552735556E-03,-2.472812837915E-06
6.5340E-07,8.48568581510E-03,6.177356963052E-06
6.5360E-07,8.53741379920E-03,8.589073021903E-06
6.5380E-07,8.51632795762E-03,2.524029540835E-06
6.5400E-07,8.41525012161E-03,5.015946024103E-06
6.5420E-07,8.61033193301E-03,4.901886436164E-06
6.5440E-07,8.69271183852E-03,2.135696851655E-06
6.5460E-07,8.46060320269E-03,9.433061657540E-07
6.5480E-07,8.42202037107E-03,4.460759817628E-06
6.5500E-07,8.57022499200E-03,5.901654561057E-06
6.5520E-07,8.52845936548E-03,-8.338419878792E-07
6.5540E-07,8.40907871257E-03,-1.711904459627E-06
6.5560E-07,8.44421797898E-03,-1.321663306957E-07
6.5580E-07,8.37819256354E-03,-3.685414946632E-06
6.5600E-07,8.36567163002E-03,-1.707262701349E-06
6.5620E-07,8.40051124338E-03,2.235671582638E-06
6.5640E-07,8.47811835352E-03,4.952689474508E-07
6.5660E-07,8.69883528445E-03,-1.580047995777E-06
6.5680E-07,8.56075111311E-03,-2.286788234433E-07
6.5700E-07,8.33620854188E-03,-2.908117761775E-07
6.5720E-07,8.36990076583E-03,-3.462977865645E-07
6.5740E-07,8.56124774087E-03,3.770803038969E-06
6.5760E-07,8.56254018377E-03,3.754081607802E-06
6.5780E-07,8.53359328117E-03,3.455732421024E-06
6.5800E-07,8.54079217184E-03,6.475962868898E-06
6.5820E-07,8.55383767281E-03,5.408434786840E-06
6.5840E-07,8.49883376155E-03,1.139633807360E-06
6.5860E-07,8.53776281234E-03,1.130773530348E-06
6.5880E-07,8.44868041109E-03,5.143889256759E-06
6.5900E-07,8.48166552838E-03,4.918309518142E-06
6.5920E-07,8.65273947362E-03,2.088196885778E-06
6.5940E-07,8.62497535068E-03,4.433651671751E-06
6.5960E-07,8.59198790509E-03,5.972620037391E-06
6.5980E-07,8.60370790120E-03,4.809391249909E-06
6.6000E-07,8.61374127213E-03,4.389260088099E-06
6.6020E-07,8.53209618013E-03,6.421822899028E-06
6.6040E-07,8.58332404401E-03,5.926493865443E-06
6.6060E-07,8.76148209441E-03,8.227106491170E-07
6.6080E-07,8.71423796285E-03,2.283005028038E-06
6.6100E-07,8.45064736437E-03,6.205589122146E-06
6.6120E-07,8.30140175763E-03,1.053943716270E-05
6.6140E-07,8.53424939793E-03,1.129159627762E-05
6.6160E-07,8.61984376330E-03,1.066377939005E-05
6.6180E-07,8.52552011143E-03,5.823348307057E-06
6.6200E-07,8.46075477544E-03,3.817255313515E-06
6.6220E-07,8.64516502712E-03,6.902394055396E-06
6.6240E-07,8.60496984329E-03,9.889792216016E-06
6.6260E-07,8.47520447802E-03,1.033247996402E-05
6.6280E-07,8.46009074245E-03,1.413218582329E-05
6.6300E-07,8.55643233750E-03,9.522191326140E-06
6.6320E-07,8.52928498294E-03,4.346485140739E-06
6.6340E-07,8.63603806589E-03,8.545785052765E-07
6.6360E-07,8.55131355580E-03,-3.893710831121E-07
6.6380E-07,8.50092900451E-03,2.832522599965E-06
6.6400E-07,8.47735885996E-03,7.368866478100E-06
6.6420E-07,8.44671299215E-03,3.524900863885E-06
6.6440E-07,8.55606120545E-03,4.479770905345E-06
6.6460E-07,8.49361183587E-03,1.161786539760E-05
6.6480E-07,8.54474563617E-03,9.810660297989E-06
6.6500E-07,8.67258525919E-03,1.269129801822E-05
6.6520E-07,8.68076366838E-03,1.112138459739E-05
6.6540E-07,8.59096554574E-03,6.885853021412E-06
6.6560E-07,8.70570052881E-03,7.082756546333E-06
6.6580E-07,8.65147217642E-03,8.186717920943E-06
6.6600E-07,8.68010242935E-03,7.953533747239E-06
6.6620E-07,8.71388685424E-03,5.053489453165E-06
6.6640E-07,8.52449658792E-03,2.197920002981E-06
6.6660E-07,8.61086627934E-03,5.536364142789E-06
6.6680E-07,8.74653948937E-03,8.074226400822E-06
6.6700E-07,8.73941184487E-03,9.825563880621E-06
6.6720E-07,8.69823155459E-03,9.950821970596E-06
6.6740E-07,8.57385784853E-03,1.294073875342E-05
6.6760E-07,8.69248040486E-03,8.822541668086E-06
6.6780E-07,8.70992617216E-03,7.137069975032E-06
6.6800E-07,8.63649534527E-03,1.244916336891E-05
6.6820E-07,8.65596161690E-03,1.207440209855E-05
6.6840E-07,8.66574236657E-03,1.247317007091E-05
6.6860E-07,8.78516329918E-03,1.503712053691E-05
6.6880E-07,8.71800772380E-03,1.381560264435E-05
6.6900E-07,8.45584810246E-03,1.275103030075E-05
6.6920E-07,8.58557644766E-03,8.596871730878E-06
6.6940E-07,8.67912896443E-03,8.499651526108E-06
6.6960E-07,8.50525523070E-03,1.451668160316E-05
6.6980E-07,8.51310534868E-03,2.131938997936E-05
6.7000E-07,8.52511847857E-03,2.010975748581E-05
6.7020E-07,8.51536869537E-03,1.598480244447E-05
6.7040E-07,8.56613415759E-03,1.362292457652E-05
6.7060E-07,8.46665493678E-03,1.648276805226E-05
6.7080E-07,8.45264202449E-03,1.582654554677E-05
6.7100E-07,8.59642658848E-03,1.172994061653E-05
6.7120E-07,8.67976063397E-03,9.908033146528E-06
6.7140E-07,8.54061801452E-03,1.640788934474E-05
6.7160E-07,8.47749879118E-03,1.538181098458E-05
6.7180E-07,8.49279413465E-03,1.367870199774E-05
6.7200E-07,8.46155291889E-03,1.556293669437E-05
6.7220E-07,8.26709136832E-03,1.629611941334E-05
6.7240E-07,8.32106546964E-03,1.526666207519E-05
6.7260E-07,8.58756901231E-03,1.693117300328E-05
6.7280E-07,8.52125721518E-03,1.222223758978E-05
6.7300E-07,8.33504345734E-03,1.204541365896E-05
6.7320E-07,8.34588428493E-03,1.551188429166E-05
6.7340E-07,8.51259661373E-03,1.367123632972E-05
6.7360E-07,8.67488911841E-03,1.569334998076E-05
6.7380E-07,8.64333218429E-03,2.178925525677E-05
6.7400E-07,8.65587104577E-03,2.109689086956E-05
6.7420E-07,8.66730303038E-03,1.375865957980E-05
6.7440E-07,8.61680648755E-03,1.488601708133E-05
6.7460E-07,8.44776329119E-03,2.191704584566E-05
6.7480E-07,8.45508278813E-03,2.196369239409E-05
6.7500E-07,8.55126559269E-03,1.586064755265E-05
6.7520E-07,8.69091461878E-03,1.359970190842E-05
6.7540E-07,8.68419303093E-03,2.062150266302E-05
6.7560E-07,8.77299859654E-03,2.461118063238E-05
6.7580E-07,8.65407522302E-03,1.984279047046E-05
6.7600E-07,8.44942593481E-03,1.617065317278E-05
6.7620E-07,8.61797366757E-03,1.139221627545E-05
6.7640E-07,8.62926385831E-03,1.708913155180E-05
6.7660E-07,8.48169998731E-03,2.527255833429E-05
6.7680E-07,8.50078721065E-03,2.891960654688E-05
6.7700E-07,8.64069561008E-03,3.066378364620E-05
6.7720E-07,8.69970700238E-03,2.804510345031E-05
6.7740E-07,8.59536022413E-03,2.169471325633E-05
6.7760E-07,8.62753066700E-03,2.052784183343E-05
6.7780E-07,8.61180668231E-03,2.674173380528E-05
6.7800E-07,8.50275532808E-03,2.681686923188E-05
6.7820E-07,8.49000924732E-03,2.593292997499E-05
6.7840E-07,8.48161011469E-03,2.856720065047E-05
6.7860E-07,8.50222051609E-03,3.111325710361E-05
6.7880E-07,8.63250532653E-03,2.733630904276E-05
6.7900E-07,8.61521043349E-03,2.146295144503E-05
6.7920E-07,8.47798168193E-03,2.108854403068E-05
6.7940E-07,8.25367683079E-03,2.716463337001E-05
6.7960E-07,8.26928207185E-03,3.419665431884E-05
6.7980E-07,8.55996414553E-03,3.559477411491E-05
6.8000E-07,8.63698591944E-03,2.877475454752E-05
6.8020E-07,8.51471537258E-03,2.489477194194E-05
6.8040E-07,8.46361882519E-03,3.214812635724E-05
6.8060E-07,8.61913921777E-03,2.941534494330E-05
6.8080E-07,8.75285734888E-03,2.781536069979E-05
6.8100E-07,8.63584248815E-03,2.855343495776E-05
6.8120E-07,8.63874472212E-03,3.150188120362E-05
6.8140E-07,8.64162181038E-03,3.517435154226E-05
6.8160E-07,8.60266598407E-03,3.781442268100E-05
6.8180E-07,8.48956267815E-03,3.618499900494E-05
6.8200E-07,8.31108215731E-03,3.484782570322E-05
6.8220E-07,8.49457342643E-03,3.503694439587E-05
6.8240E-07,8.62743800040E-03,3.269322419819E-05
6.8260E-07,8.64523767028E-03,3.597056226154E-05
6.8280E-07,8.57932541054E-03,4.094531292376E-05
6.8300E-07,8.35831930395E-03,4.160923006293E-05
6.8320E-07,8.20177282672E-03,3.625930182916E-05
6.8340E-07,8.35161820520E-03,3.255764183868E-05
6.8360E-07,8.51276401896E-03,3.574607878272E-05
6.8380E-07,8.54775380809E-03,3.852121884283E-05
6.8400E-07,8.47565873060E-03,4.002438530606E-05
6.8420E-07,8.45274633262E-03,4.229840280768E-05
6.8440E-07,8.38010992389E-03,4.171620559227E-05
6.8460E-07,8.37304700632E-03,3.976453010273E-05
6.8480E-07,8.50750856567E-03,3.768570235279E-05
6.8500E-07,8.50528689567E-03,4.160492828396E-05
6.8520E-07,8.43210543040E-03,4.596600936074E-05
6.8540E-07,8.53249664884E-03,4.159442361724E-05
6.8560E-07,8.62606616225E-03,3.847436414380E-05
6.8580E-07,8.51171255577E-03,4.459658659343E-05
6.8600E-07,8.29896634910E-03,4.613577698637E-05
6.8620E-07,8.41949695256E-03,4.496151621733E-05
6.8640E-07,8.36431702133E-03,4.444982654695E-05
6.8660E-07,8.36621226277E-03,4.588938218822E-05
6.8680E-07,8.37136946153E-03,4.560907271971E-05
6.8700E-07,8.47685943823E-03,4.683349778224E-05
6.8720E-07,8.52051378693E-03,4.752139387001E-05
6.8740E-07,8.53984268848E-03,4.767108190154E-05
6.8760E-07,8.56781379785E-03,4.668121480663E-05
6.8780E-07,8.45211606007E-03,4.673286390771E-05
6.8800E-07,8.41467945371E-03,4.999366093707E-05
6.8820E-07,8.39150325861E-03,4.892594551948E-05
6.8840E-07,8.36216263939E-03,4.968138647546E-05
6.8860E-07,8.50972045679E-03,4.579524955061E-05
6.8880E-07,8.53152062278E-03,4.425716235582E-05
6.8900E-07,8.49191100802E-03,4.543419152778E-05
6.8920E-07,8.26619031373E-03,4.922210218665E-05
6.8940E-07,8.30565045122E-03,5.084778609034E-05
6.8960E-07,8.44685571734E-03,5.293658425380E-05
6.8980E-07,8.54150905739E-03,5.267740207073E-05
6.9000E-07,8.54697452392E-03,5.400758151245E-05
6.9020E-07,8.48852634895E-03,5.334623156395E-05
6.9040E-07,8.44690903556E-03,5.070053342079E-05
6.9060E-07,8.44140119385E-03,5.457708154154E-05
6.9080E-07,8.44283985440E-03,5.102289624792E-05
6.9100E-07,8.36480270605E-03,4.779912227113E-05
6.9120E-07,8.39622948784E-03,5.573573795427E-05
6.9140E-07,8.36704463232E-03,5.742769006920E-05
6.9160E-07,8.30842043739E-03,5.461502045673E-05
6.9180E-07,8.30576663371E-03,5.187312898506E-05
6.9200E-07,8.24534987565E-03,5.548137098831E-05
6.9220E-07,8.31118320580E-03,6.212641222682E-05
6.9240E-07,8.39523436967E-03,6.350165627246E-05
6.9260E-07,8.32730952185E-03,5.621265953687E-05
6.9280E-07,8.26772909146E-03,5.135895538424E-05
6.9300E-07,8.32112623844E-03,5.360503213760E-05
6.9320E-07,8.34033732768E-03,5.870465928037E-05
6.9340E-07,8.40621419717E-03,6.248663764727E-05
6.9360E-07,8.35553534794E-03,6.189430349787E-05
6.9380E-07,8.46654154826E-03,5.886259701383E-05
6.9400E-07,8.44990952406E-03,5.813761542831E-05
6.9420E-07,8.45194260124E-03,5.780214605202E-05
6.9440E-07,8.40842119884E-03,6.020482837503E-05
6.9460E-07,8.37568963412E-03,6.090414499213E-05
6.9480E-07,8.17819662858E-03,6.313350725268E-05
6.9500E-07,8.24973291252E-03,6.255291973521E-05
6.9520E-07,8.36950681638E-03,6.473415063974E-05
6.9540E-07,8.26753234956E-03,6.600171838236E-05
6.9560E-07,8.17926532123E-03,5.931898800936E-05
6.9580E-07,8.36360269692E-03,5.451806390938E-05
6.9600E-07,8.39589933399E-03,6.038182576467E-05
6.9620E-07,8.39144877624E-03,6.249831489567E-05
6.9640E-07,8.49059481639E-03,5.717810362857E-05
6.9660E-07,8.49859231617E-03,5.808441213612E-05
6.9680E-07,8.45811377745E-03,5.894576705341E-05
6.9700E-07,8.34742026869E-03,5.745785109047E-05
6.9720E-07,8.26430601533E-03,6.064515708294E-05
6.9740E-07,8.22616323363E-03,5.876745831501E-05
6.9760E-07,8.36933126207E-03,5.369582048897E-05
6.9780E-07,8.39348278474E-03,6.022900159751E-05
6.9800E-07,8.40555156115E-03,6.127492364776E-05
6.9820E-07,8.36058055516E-03,5.885480524321E-05
6.9840E-07,8.38912303094E-03,5.594597699401E-05
6.9860E-07,8.40904122684E-03,5.993156827335E-05
6.9880E-07,8.40877696406E-03,6.535880363826E-05
6.9900E-07,8.46058224793E-03,6.258719519992E-05
6.9920E-07,8.37446517777E-03,5.586882944499E-05
6.9940E-07,8.30678037833E-03,5.872901983839E-05
6.9960E-07,8.33425742108E-03,6.150948161539E-05
6.9980E-07,8.29534536693E-03,5.855150207226E-05
7.0000E-07,8.38600659277E-03,5.848152878043E-05
7.0020E-07,8.39199685957E-03,5.617157060933E-05
7.0040E-07,8.27765442897E-03,5.543198379037E-05
7.0060E-07,8.27515359502E-03,5.593017142546E-05
7.0080E-07,8.48473772872E-03,5.756321692188E-05
7.0100E-07,8.56227126438E-03,6.016502998118E-05
7.0120E-07,8.42788025271E-03,5.733529201989E-05
7.0140E-07,8.32514070440E-03,5.851455534157E-05
7.0160E-07,8.36124039721E-03,5.850807491970E-05
7.0180E-07,8.44319049735E-03,5.757345793118E-05
7.0200E-07,8.40584795456E-03,5.740168512148E-05
7.0220E-07,8.36898294743E-03,5.709185296018E-05
7.0240E-07,8.37899932172E-03,5.564794003312E-05
7.0260E-07,8.43756903428E-03,5.317875359487E-05
7.0280E-07,8.42402364593E-03,5.278633421567E-05
7.0300E-07,8.32498563919E-03,5.827344756854E-05
7.0320E-07,8.45093793701E-03,5.986687506829E-05
7.0340E-07,8.48707604688E-03,5.452369091381E-05
7.0360E-07,8.48064735997E-03,5.489459445980E-05
7.0380E-07,8.43580347951E-03,6.030155595672E-05
7.0400E-07,8.31238042097E-03,5.995943963808E-05
7.0420E-07,8.20389624219E-03,5.778058165033E-05
7.0440E-07,8.28542654868E-03,5.574936487992E-05
7.0460E-07,8.47248198930E-03,5.157092901227E-05
7.0480E-07,8.57706206385E-03,5.041370883864E-05
7.0500E-07,8.54379638564E-03,5.038847404812E-05
7.0520E-07,8.42685719486E-03,4.668689037953E-05
7.0540E-07,8.47198559437E-03,4.342504565884E-05
7.0560E-07,8.50693533663E-03,4.779694362824E-05
7.0580E-07,8.51573214400E-03,4.922319844645E-05
7.0600E-07,8.54159124661E-03,4.762376927119E-05
7.0620E-07,8.73640879523E-03,4.795125954133E-05
7.0640E-07,8.63420126494E-03,4.726341896039E-05
7.0660E-07,8.39437173214E-03,4.631112998632E-05
7.0680E-07,8.32360285800E-03,5.061949345563E-05
7.0700E-07,8.57969165314E-03,5.273202078697E-05
7.0720E-07,8.58779811766E-03,4.994138044585E-05
7.0740E-07,8.38889974635E-03,4.392280311604E-05
7.0760E-07,8.50559888873E-03,4.260183086899E-05
7.0780E-07,8.62563891802E-03,4.798841442261E-05
7.0800E-07,8.55675993021E-03,5.039657110628E-05
7.0820E-07,8.41752697248E-03,5.048765086849E-05
7.0840E-07,8.51916662883E-03,5.089850545210E-05
7.0860E-07,8.66787486244E-03,4.963152053115E-05
7.0880E-07,8.58868636656E-03,4.382796970476E-05
7.0900E-07,8.65630690474E-03,3.417721999158E-05
7.0920E-07,8.54705880862E-03,3.530542397220E-05
7.0940E-07,8.35065591615E-03,4.159286942613E-05
7.0960E-07,8.39632634539E-03,4.268750565407E-05
7.0980E-07,8.50500237662E-03,4.343200482708E-05
7.1000E-07,8.59816047829E-03,4.401831648593E-05
7.1020E-07,8.60489021521E-03,4.060906645191E-05
7.1040E-07,8.52189377416E-03,3.926549598855E-05
7.1060E-07,8.54525087867E-03,4.061431184691E-05
7.1080E-07,8.53702310938E-03,4.320957510081E-05
7.1100E-07,8.45434960443E-03,4.594722723868E-05
7.1120E-07,8.45232537482E-03,4.348049697746E-05
7.1140E-07,8.67264206987E-03,3.932353531290E-05
7.1160E-07,8.72018212918E-03,3.650800016057E-05
7.1180E-07,8.66702200379E-03,3.093608625513E-05
7.1200E-07,8.68150290567E-03,3.332376785856E-05
7.1220E-07,8.63391139079E-03,3.595398653579E-05
7.1240E-07,8.58045720030E-03,3.725338744280E-05
7.1260E-07,8.51947373245E-03,3.345894779359E-05
7.1280E-07,8.52305862587E-03,3.447472269927E-05
7.1300E-07,8.63617357332E-03,3.649939660263E-05
7.1320E-07,8.63972750027E-03,3.746095521656E-05
7.1340E-07,8.71206472162E-03,3.929113320355E-05
7.1360E-07,8.51540105883E-03,3.657254766022E-05
7.1380E-07,8.40575971175E-03,3.029415675719E-05
7.1400E-07,8.55352102313E-03,2.804738616851E-05
7.1420E-07,8.54702481534E-03,3.334229326156E-05
7.1440E-07,8.43650034163E-03,3.669124900643E-05
7.1460E-07,8.31427356694E-03,3.527318838333E-05
7.1480E-07,8.38632324245E-03,3.203505895381E-05
7.1500E-07,8.60783645417E-03,3.525235944708E-05
7.1520E-07,8.58893572818E-03,4.015563119483E-05
7.1540E-07,8.51385552902E-03,3.629203697946E-05
7.1560E-07,8.52554991376E-03,3.297494215239E-05
7.1580E-07,8.63383898046E-03,3.276421742794E-05
7.1600E-07,8.47997354809E-03,3.202018312459E-05
7.1620E-07,8.48886930849E-03,3.505963974912E-05
7.1640E-07,8.57912494335E-03,3.481333514956E-05
7.1660E-07,8.48794869613E-03,3.204021415022E-05
7.1680E-07,8.59199419152E-03,3.029190873076E-05
7.1700E-07,8.66999827791E-03,3.030221912359E-05
7.1720E-07,8.49632850382E-03,2.960109853466E-05
7.1740E-07,8.47729227040E-03,3.125561129582E-05
7.1760E-07,8.56391970534E-03,3.159117780906E-05
7.1780E-07,8.50374253001E-03,3.138096652274E-05
7.1800E-07,8.41380098369E-03,2.820336034801E-05
7.1820E-07,8.55702302884E-03,2.716843558755E-05
7.1840E-07,8.65856373217E-03,2.551783605759E-05
7.1860E-07,8.74949690420E-03,2.716498028767E-05
7.1880E-07,8.63236935343E-03,2.748345069867E-05
7.1900E-07,8.53292226326E-03,2.673668268417E-05
7.1920E-07,8.41362822335E-03,3.076678349916E-05
7.1940E-07,8.38979963679E-03,2.540078603943E-05
7.1960E-07,8.49844819400E-03,1.825027883333E-05
7.1980E-07,8.48957268987E-03,2.523360641953E-05
7.2000E-07,8.43137783464E-03,2.839125789051E-05
7.2020E-07,8.63492746372E-03,2.693958788459E-05
7.2040E-07,8.72136048507E-03,2.972564197425E-05
7.2060E-07,8.61232822295E-03,3.088854465914E-05
7.2080E-07,8.67938018870E-03,2.412061824743E-05
7.2100E-07,8.63679383416E-03,1.995505302493E-05
7.2120E-07,8.51196703967E-03,1.985096385051E-05
7.2140E-07,8.52030330803E-03,2.070195286815E-05
7.2160E-07,8.62659375649E-03,1.788652872947E-05
7.2180E-07,8.59600889031E-03,1.775823164080E-05
7.2200E-07,8.48858688492E-03,1.652432878782E-05
7.2220E-07,8.45797873568E-03,1.435077864025E-05
7.2240E-07,8.45824672375E-03,2.021584490594E-05
7.2260E-07,8.54246552568E-03,2.531846941729E-05
7.2280E-07,8.63934356253E-03,2.298278383259E-05
7.2300E-07,8.63231696654E-03,1.564980487619E-05
7.2320E-07,8.37206795346E-03,1.383304566425E-05
7.2340E-07,8.46869825851E-03,1.378084149492E-05
7.2360E-07,8.53218791541E-03,1.833822939825E-05
7.2380E-07,8.46154779661E-03,1.741557413061E-05
7.2400E-07,8.39351328555E-03,1.480236829539E-05
7.2420E-07,8.50443543401E-03,1.486067127716E-05
7.2440E-07,8.45433540176E-03,1.731979710330E-05
7.2460E-07,8.49465421867E-03,1.057165193651E-05
7.2480E-07,8.56487384532E-03,1.096992034745E-05
7.2500E-07,8.58423743863E-03,1.471698492114E-05
7.2520E-07,8.55136408005E-03,1.467747793813E-05
7.2540E-07,8.53420818690E-03,1.299682146218E-05
7.2560E-07,8.48083059769E-03,1.459810317774E-05
7.2580E-07,8.54643295985E-03,1.057196416241E-05
7.2600E-07,8.60502362717E-03,1.231154113357E-05
7.2620E-07,8.54155539069E-03,1.492779984419E-05
7.2640E-07,8.44589855056E-03,1.385643485282E-05
7.2660E-07,8.61501508858E-03,1.671511268523E-05
7.2680E-07,8.67287629750E-03,1.842424416263E-05
7.2700E-07,8.58992549125E-03,1.035002705921E-05
7.2720E-07,8.46691268030E-03,1.087342173141E-05
7.2740E-07,8.41101912316E-03,1.590221522656E-05
7.2760E-07,8.52865121793E-03,1.460089933407E-05
7.2780E-07,8.48701783921E-03,1.171886006650E-05
7.2800E-07,8.52053800132E-03,1.454253390711E-05
7.2820E-07,8.54497613851E-03,1.381587324013E-05
7.2840E-07,8.66278029513E-03,1.528560377937E-05
7.2860E-07,8.63637660164E-03,2.077860085574E-05
7.2880E-07,8.54767161887E-03,1.692698223796E-05
7.2900E-07,8.40709429700E-03,1.202722129692E-05
7.2920E-07,8.47313857172E-03,1.072401123401E-05
7.2940E-07,8.46308587585E-03,1.316676948500E-05
7.2960E-07,8.41099560726E-03,1.429532038328E-05
7.2980E-07,8.30324531067E-03,1.515773686860E-05
7.3000E-07,8.42988795135E-03,8.816082061274E-06
7.3020E-07,8.60743761528E-03,5.751841639175E-06
7.3040E-07,8.51888094563E-03,7.100268949761E-06
7.3060E-07,8.38560309727E-03,5.878355571075E-06
7.3080E-07,8.42454984318E-03,9.561066919012E-06
7.3100E-07,8.54499965440E-03,1.470022879821E-05
7.3120E-07,8.46439787652E-03,1.374494245556E-05
7.3140E-07,8.34378135856E-03,1.426093390492E-05
7.3160E-07,8.50978238974E-03,1.679547269177E-05
7.3180E-07,8.47701333929E-03,1.113480337244E-05
7.3200E-07,8.41399097349E-03,5.743016053928E-06
7.3220E-07,8.62856932450E-03,8.605176939635E-06
7.3240E-07,8.48703134339E-03,9.060006805702E-06
7.3260E-07,8.41632649768E-03,1.319253159036E-05
7.3280E-07,8.42531050090E-03,1.811552907620E-05
7.3300E-07,8.36450305302E-03,1.890207466949E-05
7.3320E-07,8.28625752125E-03,1.763750429545E-05
7.3340E-07,8.40869291220E-03,1.208564223070E-05
7.3360E-07,8.49332009908E-03,1.050955367555E-05
7.3380E-07,8.60026829410E-03,1.466632106622E-05
7.3400E-07,8.54438381735E-03,1.290660205577E-05
7.3420E-07,8.35366338957E-03,1.035102618207E-05
7.3440E-07,8.10620795470E-03,1.311072840635E-05
7.3460E-07,8.27955269720E-03,9.050931439741E-06
7.3480E-07,8.53036042768E-03,4.079240591271E-06
7.3500E-07,8.46681023482E-03,2.575990867807E-06
7.3520E-07,8.29720661510E-03,8.999206016777E-06
7.3540E-07,8.49733572919E-03,1.516478623544E-05
7.3560E-07,8.63908744883E-03,1.581061508787E-05
7.3580E-07,8.47286453005E-03,1.348551743013E-05
7.3600E-07,8.45650538336E-03,1.404549803865E-05
7.3620E-07,8.34409335162E-03,1.688171642181E-05
7.3640E-07,8.24456453789E-03,1.627962000948E-05
7.3660E-07,8.40465120505E-03,1.383158167173E-05
7.3680E-07,8.42937199864E-03,1.159577368107E-05
7.3700E-07,8.36526254658E-03,8.711160284473E-06
7.3720E-07,8.34912319202E-03,7.532327140687E-06
7.3740E-07,8.41550739948E-03,1.273117967230E-05
7.3760E-07,8.59769039322E-03,1.064149339963E-05
7.3780E-07,8.54939270299E-03,7.692020277499E-06
7.3800E-07,8.40083650779E-03,9.906846688135E-06
7.3820E-07,8.59093341511E-03,1.350781729725E-05
7.3840E-07,8.59226124827E-03,1.337918022928E-05
7.3860E-07,8.44565803651E-03,1.360248418805E-05
7.3880E-07,8.51194981020E-03,1.698720020522E-05
7.3900E-07,8.58445723075E-03,1.222384034936E-05
7.3920E-07,8.56941730250E-03,1.164652773459E-05
7.3940E-07,8.48363108467E-03,1.526326922049E-05
7.3960E-07,8.53722171392E-03,1.689550986794E-05
7.3980E-07,8.61830312293E-03,9.279154690921E-06
7.4000E-07,8.53313972708E-03,5.242837111471E-06
7.4020E-07,8.50872906390E-03,1.050480090362E-05
7.4040E-07,8.39969633613E-03,1.294500584063E-05
7.4060E-07,8.53497210424E-03,1.102890328784E-05
7.4080E-07,8.57202267740E-03,1.326204695088E-05
7.4100E-07,8.52988964412E-03,1.689957574290E-05
7.4120E-07,8.54425576050E-03,1.737818334532E-05
7.4140E-07,8.49550917279E-03,1.275377788861E-05
7.4160E-07,8.46416970249E-03,1.115486215149E-05
7.4180E-07,8.43528682832E-03,1.756250069757E-05
7.4200E-07,8.29602709506E-03,1.588220501599E-05
7.4220E-07,8.37080554571E-03,1.352865317185E-05
7.4240E-07,8.36369163822E-03,1.697800688726E-05
7.4260E-07,8.38561823126E-03,2.235517509562E-05
7.4280E-07,8.44992838334E-03,2.370455989894E-05
7.4300E-07,8.33119150717E-03,1.900637199451E-05
7.4320E-07,8.18691101391E-03,1.449971039128E-05
7.4340E-07,8.29884364735E-03,1.847078663577E-05
7.4360E-07,8.51529395673E-03,2.454632090685E-05
7.4380E-07,8.52496341336E-03,2.314378137980E-05
7.4400E-07,8.33497663494E-03,2.121145001893E-05
7.4420E-07,8.32718309481E-03,2.184342298005E-05
7.4440E-07,8.47335184459E-03,2.506155607571E-05
7.4460E-07,8.53140397463E-03,2.457156957407E-05
7.4480E-07,8.46313151065E-03,2.493102483731E-05
7.4500E-07,8.27728958335E-03,2.060513508786E-05
7.4520E-07,8.25766428839E-03,1.941837140639E-05
7.4540E-07,8.33637059200E-03,2.670896396321E-05
7.4560E-07,8.33795314189E-03,2.941236145143E-05
7.4580E-07,8.49613362458E-03,2.062104473170E-05
7.4600E-07,8.48227205221E-03,1.452272490878E-05
7.4620E-07,8.28297507483E-03,2.252601122764E-05
7.4640E-07,8.38969602715E-03,2.828862577025E-05
7.4660E-07,8.57545716222E-03,2.939804762882E-05
7.4680E-07,8.53212924208E-03,2.337620233466E-05
7.4700E-07,8.35649530869E-03,1.858476990183E-05
7.4720E-07,8.26982689556E-03,1.892588709761E-05
7.4740E-07,8.38054717984E-03,2.638254219946E-05
7.4760E-07,8.44073576387E-03,2.796815017518E-05
7.4780E-07,8.44102121424E-03,2.772829130572E-05
7.4800E-07,8.43952294905E-03,3.190513829049E-05
7.4820E-07,8.47487153020E-03,3.258638049756E-05
7.4840E-07,8.45695358235E-03,2.796225951333E-05
7.4860E-07,8.45994499046E-03,2.944411135559E-05
7.4880E-07,8.45929492731E-03,3.190792750847E-05
7.4900E-07,8.44263566192E-03,3.504095476401E-05
7.4920E-07,8.44068640377E-03,3.038249586989E-05
7.4940E-07,8.31422118004E-03,2.687975152676E-05
7.4960E-07,8.36166368332E-03,2.277758203727E-05
7.4980E-07,8.43163092155E-03,2.450593275298E-05
7.5000E-07,8.46729242708E-03,2.566299334448E-05
7.5020E-07,8.39613193180E-03,2.663075484615E-05
7.5040E-07,8.40466028545E-03,3.022013146710E-05
7.5060E-07,8.30076193903E-03,3.352527845000E-05
7.5080E-07,8.31285795662E-03,3.362228356582E-05
7.5100E-07,8.44686642755E-03,2.766887818743E-05
7.5120E-07,8.57870491687E-03,2.737585765590E-05
7.5140E-07,8.59736186918E-03,3.091584014055E-05
7.5160E-07,8.47457723226E-03,3.018319167477E-05
7.5180E-07,8.41709320899E-03,2.729793301132E-05
7.5200E-07,8.25368265156E-03,3.058848863748E-05
7.5220E-07,8.17517960910E-03,3.339691197780E-05
7.5240E-07,8.37437623646E-03,3.736453292240E-05
7.5260E-07,8.72440265026E-03,3.333916406427E-05
7.5280E-07,8.65972392727E-03,2.548147908692E-05
7.5300E-07,8.49068771582E-03,2.937619875465E-05
7.5320E-07,8.44710577745E-03,3.352927494143E-05
7.5340E-07,8.59257836360E-03,3.174557004404E-05
7.5360E-07,8.59712903853E-03,3.266177264322E-05
7.5380E-07,8.48122617695E-03,3.274796780479E-05
7.5400E-07,8.51130114403E-03,3.334016318713E-05
7.5420E-07,8.58295337763E-03,3.391456169356E-05
7.5440E-07,8.47333438229E-03,3.752798664664E-05
7.5460E-07,8.44535954762E-03,3.758665042278E-05
7.5480E-07,8.60834006686E-03,3.540373349842E-05
7.5500E-07,8.62198487390E-03,3.876572640893E-05
7.5520E-07,8.63442315254E-03,3.957035335061E-05
7.5540E-07,8.51408812683E-03,3.932691429090E-05
7.5560E-07,8.51687534246E-03,4.278337287997E-05
7.5580E-07,8.39877828490E-03,4.446951065492E-05
7.5600E-07,8.24850868899E-03,3.909260610399E-05
7.5620E-07,8.32810673397E-03,3.409998918232E-05
7.5640E-07,8.45766767394E-03,4.073079292011E-05
7.5660E-07,8.57786276843E-03,4.431791457628E-05
7.5680E-07,8.68107682560E-03,4.329069832620E-05
7.5700E-07,8.62442470621E-03,4.308516348992E-05
7.5720E-07,8.36905302945E-03,3.978461663519E-05
7.5740E-07,8.50454579573E-03,3.845395844710E-05
7.5760E-07,8.68556021247E-03,4.016387395841E-05
7.5780E-07,8.70738924947E-03,3.993889785652E-05
7.5800E-07,8.50516046863E-03,4.208188455832E-05
7.5820E-07,8.42634124216E-03,4.061946010497E-05
7.5840E-07,8.51830655243E-03,3.845927322563E-05
7.5860E-07,8.62740773242E-03,4.140863533412E-05
7.5880E-07,8.41023681220E-03,3.945904828888E-05
7.5900E-07,8.39178568218E-03,3.984144868609E-05
7.5920E-07,8.37260858621E-03,4.244514897746E-05
7.5940E-07,8.30634056125E-03,4.454665126559E-05
7.5960E-07,8.44452252146E-03,4.438971265499E-05
7.5980E-07,8.45457917545E-03,4.263858332579E-05
7.6000E-07,8.29813910182E-03,4.056119875331E-05
7.6020E-07,8.32696795929E-03,4.160036284757E-05
7.6040E-07,8.60829350073E-03,4.310455618706E-05
7.6060E-07,8.56100885663E-03,4.488795579691E-05
7.6080E-07,8.33564928267E-03,4.704120432307E-05
7.6100E-07,8.44298164826E-03,4.128842836526E-05
7.6120E-07,8.42786581721E-03,3.611106391345E-05
7.6140E-07,8.41627830174E-03,3.930652940926E-05
7.6160E-07,8.46114057582E-03,4.193272384164E-05
7.6180E-07,8.53073854465E-03,4.204164210987E-05
7.6200E-07,8.33035448100E-03,5.007030892466E-05
7.6220E-07,8.25397764798E-03,4.917495607678E-05
7.6240E-07,8.36030045990E-03,4.691528708954E-05
7.6260E-07,8.45781598706E-03,4.539205490892E-05
7.6280E-07,8.49298761692E-03,4.292640703079E-05
7.6300E-07,8.32971559372E-03,4.276876070817E-05
7.6320E-07,8.26816192362E-03,4.699409290497E-05
7.6340E-07,8.36231584195E-03,4.472042232101E-05
7.6360E-07,8.44742452260E-03,4.916389634181E-05
7.6380E-07,8.50629481953E-03,4.554222168681E-05
7.6400E-07,8.52363674436E-03,4.217684285995E-05
7.6420E-07,8.42160500120E-03,4.187087536138E-05
7.6440E-07,8.56675791088E-03,3.930537070428E-05
7.6460E-07,8.55156454723E-03,4.239992479142E-05
7.6480E-07,8.42727116775E-03,4.698741820921E-05
7.6500E-07,8.44917587470E-03,5.007280673180E-05
7.6520E-07,8.46124255564E-03,5.038433185127E-05
7.6540E-07,8.50262959953E-03,5.038374209125E-05
7.6560E-07,8.55071587954E-03,4.626435854752E-05
7.6580E-07,8.51687161717E-03,4.066606502329E-05
7.6600E-07,8.37991667446E-03,3.985403485876E-05
7.6620E-07,8.43457203824E-03,4.742474954855E-05
7.6640E-07,8.54800666217E-03,4.341087754165E-05
7.6660E-07,8.41740846168E-03,4.152778767329E-05
7.6680E-07,8.40916113462E-03,4.488000444417E-05
7.6700E-07,8.46572990063E-03,4.523816917372E-05
7.6720E-07,8.57326855417E-03,4.216521418002E-05
7.6740E-07,8.46017432865E-03,4.695126245078E-05
7.6760E-07,8.33228418138E-03,5.075620676671E-05
7.6780E-07,8.39729003142E-03,4.424538797048E-05
7.6800E-07,8.54052814189E-03,3.939595090505E-05
7.6820E-07,8.43465026934E-03,3.876705163438E-05
7.6840E-07,8.37545494083E-03,4.286574500893E-05
7.6860E-07,8.39395682793E-03,4.623433629331E-05
7.6880E-07,8.42492586467E-03,4.436962612253E-05
7.6900E-07,8.44994980376E-03,4.216198784579E-05
7.6920E-07,8.55253126006E-03,3.876035612357E-05
7.6940E-07,8.57072883751E-03,4.447787830886E-05
7.6960E-07,8.60990631860E-03,4.749861525652E-05
7.6980E-07,8.63406599034E-03,4.932793288772E-05
7.7000E-07,8.63144338597E-03,4.811629521009E-05
7.7020E-07,8.51141057443E-03,4.941317055654E-05
7.7040E-07,8.30417663325E-03,4.760186489020E-05
7.7060E-07,8.28201720957E-03,4.764703356941E-05
7.7080E-07,8.31132430117E-03,4.896994161700E-05
7.7100E-07,8.36091210600E-03,4.489857841563E-05
7.7120E-07,8.50929344538E-03,4.179877199513E-05
7.7140E-07,8.49378110375E-03,3.977407727671E-05
7.7160E-07,8.57385132927E-03,3.856710217242E-05
7.7180E-07,8.54308555368E-03,3.660379800294E-05
7.7200E-07,8.62014737446E-03,3.534026144352E-05
7.7220E-07,8.59078184236E-03,3.927101197933E-05
7.7240E-07,8.53061561007E-03,4.206550310646E-05
7.7260E-07,8.45997758675E-03,4.060723472667E-05
7.7280E-07,8.30814988818E-03,3.941048675497E-05
7.7300E-07,8.44548690598E-03,3.674894141313E-05
7.7320E-07,8.63156911451E-03,3.763799423632E-05
7.7340E-07,8.77798024099E-03,3.895097350050E-05
7.7360E-07,8.63694005180E-03,3.634213882778E-05
7.7380E-07,8.48085294943E-03,3.910828678217E-05
7.7400E-07,8.56173621956E-03,4.349903625716E-05
7.7420E-07,8.61508354079E-03,4.252226183471E-05
7.7440E-07,8.57458125334E-03,4.186301420723E-05
7.7460E-07,8.40911875944E-03,4.173880380858E-05
7.7480E-07,8.47431203816E-03,4.175193117280E-05
7.7500E-07,8.46832968760E-03,3.976788132731E-05
7.7520E-07,8.41381751466E-03,3.549621480797E-05
7.7540E-07,8.33499270026E-03,3.065317490418E-05
7.7560E-07,8.34866614547E-03,3.286496925448E-05
7.7580E-07,8.31387822050E-03,3.887472099905E-05
7.7600E-07,8.47947016824E-03,3.984056751524E-05
7.7620E-07,8.49986706395E-03,3.842694049981E-05
7.7640E-07,8.52512429934E-03,3.617813697365E-05
7.7660E-07,8.65455811378E-03,3.051136884187E-05
7.7680E-07,8.58606446069E-03,3.762420772855E-05
7.7700E-07,8.41696282383E-03,4.445804155712E-05
7.7720E-07,8.41303753201E-03,4.151276613866E-05
7.7740E-07,8.49097176921E-03,3.569984853548E-05
7.7760E-07,8.44850392546E-03,3.732735028771E-05
7.7780E-07,8.53269385639E-03,4.037212169078E-05
7.7800E-07,8.51916127372E-03,3.987451687735E-05
7.7820E-07,8.33136333618E-03,3.147477305774E-05
7.7840E-07,8.27349537518E-03,2.961104813312E-05
7.7860E-07,8.32729508635E-03,3.261427267735E-05
7.7880E-07,8.42573774513E-03,3.974293794763E-05
7.7900E-07,8.42971891630E-03,4.390130809788E-05
7.7920E-07,8.41154904570E-03,3.942499485147E-05
7.7940E-07,8.40688265394E-03,3.491698720772E-05
7.7960E-07,8.33050908055E-03,3.513809170854E-05
7.7980E-07,8.43848824967E-03,3.917445785646E-05
7.8000E-07,8.50982336793E-03,4.814317439032E-05
7.8020E-07,8.34982680622E-03,4.637619786245E-05
7.8040E-07,8.12156150583E-03,4.243666337152E-05
7.8060E-07,8.24715710711E-03,4.290899870266E-05
7.8080E-07,8.26597797219E-03,4.278303983901E-05
7.8100E-07,8.23846996296E-03,4.164351246600E-05
7.8120E-07,8.44844245817E-03,4.082977546659E-05
7.8140E-07,8.72696495149E-03,4.156640654710E-05
7.8160E-07,8.55219761375E-03,3.860048952792E-05
7.8180E-07,8.52383325342E-03,3.486714901683E-05
7.8200E-07,8.67313869763E-03,3.261407146510E-05
7.8220E-07,8.58761813957E-03,3.137465955970E-05
7.8240E-07,8.36118498351E-03,3.024403409381E-05
7.8260E-07,8.32290227059E-03,2.955248149392E-05
7.8280E-07,8.45738664735E-03,3.072203805950E-05
7.8300E-07,8.53632554877E-03,3.224587387685E-05
7.8320E-07,8.49176944699E-03,3.587101770845E-05
7.8340E-07,8.53717817459E-03,3.502198530641E-05
7.8360E-07,8.49228516687E-03,3.785494266358E-05
7.8380E-07,8.50393694360E-03,4.021271996480E-05
7.8400E-07,8.45972496550E-03,3.930464911555E-05
7.8420E-07,8.45869748387E-03,3.783462022711E-05
7.8440E-07,8.43733620364E-03,3.326481267159E-05
7.8460E-07,8.40666332748E-03,3.540188095812E-05
7.8480E-07,8.39059079531E-03,3.813027733286E-05
7.8500E-07,8.41732115019E-03,3.665147836600E-05
7.8520E-07,8.40817812364E-03,3.508050337714E-05
7.8540E-07,8.31560745370E-03,2.555337430258E-05
7.8560E-07,8.37889734190E-03,-1.224289528746E-05
7.8580E-07,8.51473376620E-03,-1.308402217152E-04
7.8600E-07,8.42675381806E-03,-3.650521597983E-04
7.8620E-07,8.42586719897E-03,-7.036723879790E-04
7.8640E-07,8.39040406514E-03,-1.104713746455E-03
7.8660E-07,8.44643592369E-03,-1.505006206843E-03
7.8680E-07,8.54429254774E-03,-1.836815567144E-03
7.8700E-07,8.47347617615E-03,-1.979724910871E-03
7.8720E-07,8.37709709536E-03,-1.802412651821E-03
7.8740E-07,8.45957967918E-03,-1.274789317015E-03
7.8760E-07,8.47374602687E-03,-4.917709951447E-04
7.8780E-07,8.40669312980E-03,4.339063207926E-04
7.8800E-07,8.43600650784E-03,1.379949708500E-03
7.8820E-07,8.48683995660E-03,2.190157320288E-03
7.8840E-07,8.55904935393E-03,2.702792868608E-03
7.8860E-07,8.53743452113E-03,2.844683141711E-03
7.8880E-07,8.50685640704E-03,2.647834485288E-03
7.8900E-07,8.37635250296E-03,2.208375701153E-03
7.8920E-07,8.38953677099E-03,1.619956344071E-03
7.8940E-07,8.46679999027E-03,9.747504933113E-04
7.8960E-07,8.49412662443E-03,3.649757316178E-04
7.8980E-07,8.49507610779E-03,-1.527432011599E-04
7.9000E-07,8.23702082503E-03,-5.718604614185E-04
7.9020E-07,8.26609811280E-03,-9.012866014773E-04
7.9040E-07,8.37140671443E-03,-1.159753794192E-03
7.9060E-07,8.50744477007E-03,-1.361939431882E-03
7.9080E-07,8.43090751674E-03,-1.503101587265E-03
7.9100E-07,8.15218688454E-03,-1.577056244916E-03
7.9120E-07,8.25852413196E-03,-1.573401946125E-03
7.9140E-07,8.51899503264E-03,-1.501101495947E-03
7.9160E-07,8.53962894995E-03,-1.367807863249E-03
7.9180E-07,8.50052550901E-03,-1.184542878780E-03
7.9200E-07,8.44304684084E-03,-9.725312979585E-04
7.9220E-07,8.35754840169E-03,-7.562057266636E-04
7.9240E-07,8.42130627949E-03,-5.413896079799E-04
7.9260E-07,8.33733637351E-03,-3.221467713984E-04
7.9280E-07,8.33785954397E-03,-9.363922813627E-05
7.9300E-07,8.39538175147E-03,1.382814298226E-04
7.9320E-07,8.48375238944E-03,3.719007839756E-04
7.9340E-07,8.55533733498E-03,5.862967368057E-04
7.9360E-07,8.52861745749E-03,7.791263521491E-04
7.9380E-07,8.48144503776E-03,9.438865544116E-04
7.9400E-07,8.46284675877E-03,1.076762616199E-03
7.9420E-07,8.40869430918E-03,1.167074580242E-03
7.9440E-07,8.49850896280E-03,1.205420658815E-03
7.9460E-07,8.50471622776E-03,1.194726054681E-03
7.9480E-07,8.49111239891E-03,1.136024596340E-03
7.9500E-07,8.49896344822E-03,1.022304425699E-03
7.9520E-07,8.56874255929E-03,8.664450343074E-04
7.9540E-07,8.36937317159E-03,6.748095234232E-04
7.9560E-07,8.44235277269E-03,4.477532477425E-04
7.9580E-07,8.53080466855E-03,2.014300048193E-04
7.9600E-07,8.44667154830E-03,-3.273996316548E-05
7.9620E-07,8.41341122519E-03,-2.359536150163E-04
7.9640E-07,8.41420773882E-03,-3.952784987325E-04
7.9660E-07,8.46860861871E-03,-5.246075911140E-04
7.9680E-07,8.42782274354E-03,-6.291387247546E-04
7.9700E-07,8.38942710776E-03,-6.828697064584E-04
7.9720E-07,8.31286098342E-03,-6.932040990489E-04
7.9740E-07,8.38277909439E-03,-6.804195657996E-04
7.9760E-07,8.45430862624E-03,-6.474201960647E-04
7.9780E-07,8.31311895978E-03,-5.959968620604E-04
7.9800E-07,8.27970333863E-03,-5.201012833668E-04
7.9820E-07,8.50352203939E-03,-4.249392300537E-04
7.9840E-07,8.37926870678E-03,-3.229162763962E-04
7.9860E-07,8.44521379564E-03,-2.130859616371E-04
7.9880E-07,8.59757444356E-03,-9.735540316160E-05
7.9900E-07,8.44510296825E-03,1.444469618891E-05
7.9920E-07,8.31880351994E-03,1.138125779880E-04
7.9940E-07,8.51635473315E-03,2.103188747848E-04
7.9960E-07,8.64016568754E-03,3.029651783714E-04
7.9980E-07,8.59422773588E-03,4.000389630748E-04
8.0000E-07,8.45455682371E-03,4.729064154746E-04
8.0020E-07,8.45136448275E-03,5.287506044684E-04
8.0040E-07,8.48714380059E-03,5.665615070453E-04
8.0060E-07,8.31526123453E-03,5.874374922672E-04
8.0080E-07,8.30199081916E-03,5.843235038528E-04
8.0100E-07,8.36017636116E-03,5.545593286241E-04
8.0120E-07,8.44296907540E-03,5.048781804117E-04
8.0140E-07,8.52502348367E-03,4.464154777424E-04
8.0160E-07,8.50959752221E-03,3.782490094034E-04
8.0180E-07,8.43988150824E-03,3.093627285520E-04
8.0200E-07,8.54735659901E-03,2.422848808887E-04
8.0220E-07,8.56429479550E-03,1.856073262943E-04
8.0240E-07,8.50476046558E-03,1.240901593426E-04
8.0260E-07,8.42040103394E-03,6.809984169249E-05
8.0280E-07,8.47354020458E-03,1.068740448263E-05
8.0300E-07,8.42124201823E-03,-4.192352580558E-05
8.0320E-07,8.28178088646E-03,-8.015655779000E-05
8.0340E-07,8.30581878777E-03,-1.007785715321E-04
8.0360E-07,8.40650593396E-03,-1.172373721534E-04
8.0380E-07,8.47630134318E-03,-1.295913597727E-04
8.0400E-07,8.51898991037E-03,-1.296353003634E-04
8.0420E-07,8.63960875664E-03,-1.199672533357E-04
8.0440E-07,8.57177913654E-03,-9.434264532010E-05
8.0460E-07,8.42823764775E-03,-7.332793466467E-05
8.0480E-07,8.54256401304E-03,-6.316651521902E-05
8.0500E-07,8.34778837394E-03,-5.236176472809E-05
8.0520E-07,8.23027083184E-03,-3.771531052607E-05
8.0540E-07,8.40549707878E-03,-1.543743798229E-05
8.0560E-07,8.54587928858E-03,1.854071135913E-05
8.0580E-07,8.47403450403E-03,4.771475883481E-05
8.0600E-07,8.44003773760E-03,7.830278718193E-05
8.0620E-07,8.49255548324E-03,1.112805647617E-04
8.0640E-07,8.51771376561E-03,1.445224299403E-04
8.0660E-07,8.40709778946E-03,1.802772972575E-04
8.0680E-07,8.29244569410E-03,2.185072347364E-04
8.0700E-07,8.32589903381E-03,2.505260555847E-04
8.0720E-07,8.30534451175E-03,2.727788529201E-04
8.0740E-07,8.36344250943E-03,2.846477108849E-04
8.0760E-07,8.32774351817E-03,2.917722131433E-04
8.0780E-07,8.43217667658E-03,2.721749247825E-04
8.0800E-07,8.58554943930E-03,2.404145645285E-04
8.0820E-07,8.52364768740E-03,2.072091048891E-04
8.0840E-07,8.41752836946E-03,1.783641573815E-04
8.0860E-07,8.52289494593E-03,1.428831746178E-04
8.0880E-07,8.56188010890E-03,1.117314467048E-04
8.0900E-07,8.60024873633E-03,7.748234773335E-05
8.0920E-07,8.56962941121E-03,3.672158348654E-05
8.0940E-07,8.49840372335E-03,1.051155927597E-06
8.0960E-07,8.40167283546E-03,-2.603964406717E-05
8.0980E-07,8.45691027585E-03,-4.617282307427E-05
8.1000E-07,8.52118247654E-03,-5.456655828002E-05
8.1020E-07,8.37492525112E-03,-5.462851777393E-05
8.1040E-07,8.43348634895E-03,-5.198468604776E-05
8.1060E-07,8.35206244606E-03,-4.859592497069E-05
8.1080E-07,8.33873196039E-03,-4.505012814607E-05
8.1100E-07,8.39544787537E-03,-3.560884731542E-05
8.1120E-07,8.38729437906E-03,-1.894934095162E-05
8.1140E-07,8.43846985605E-03,-8.490703270764E-06
8.1160E-07,8.43974623363E-03,-9.727894486802E-07
8.1180E-07,8.38846854400E-03,7.831980737864E-06
8.1200E-07,8.49349588621E-03,1.683974632342E-05
8.1220E-07,8.54751701932E-03,2.549215721247E-05
8.1240E-07,8.40327959973E-03,2.776682691929E-05
8.1260E-07,8.42147554736E-03,3.418812014442E-05
8.1280E-07,8.45857478212E-03,3.829013005179E-05
8.1300E-07,8.56563915964E-03,4.957167029661E-05
8.1320E-07,8.45987956505E-03,6.679183722754E-05
8.1340E-07,8.34877836984E-03,7.158621846047E-05
8.1360E-07,8.44203495886E-03,7.289014317375E-05
8.1380E-07,8.47738214303E-03,7.423159050104E-05
8.1400E-07,8.42832542490E-03,7.591315590125E-05
8.1420E-07,8.41773535591E-03,7.992974774261E-05
8.1440E-07,8.48769002128E-03,8.435612566118E-05
8.1460E-07,8.61068839673E-03,8.650114530046E-05
8.1480E-07,8.48636055831E-03,8.848248918821E-05
8.1500E-07,8.35956261959E-03,8.809106199351E-05
8.1520E-07,8.41623476241E-03,8.225040485431E-05
8.1540E-07,8.55944819283E-03,8.277810824384E-05
8.1560E-07,8.72333488893E-03,9.037061630097E-05
8.1580E-07,8.62164866645E-03,8.348127564695E-05
8.1600E-07,8.43491173815E-03,7.528292446677E-05
8.1620E-07,8.42385973316E-03,7.489816502948E-05
8.1640E-07,8.66390277166E-03,7.637546531205E-05
8.1660E-07,8.51160102989E-03,7.489430730511E-05
8.1680E-07,8.39998434763E-03,7.038607069571E-05
8.1700E-07,8.43204536009E-03,6.566487521213E-05
8.1720E-07,8.34995183628E-03,6.115606271942E-05
8.1740E-07,8.37860583793E-03,5.653955310863E-05
8.1760E-07,8.35976262111E-03,4.607856332605E-05
8.1780E-07,8.28341978136E-03,3.929006469716E-05
8.1800E-07,8.48279336002E-03,3.796912714188E-05
8.1820E-07,8.48818804603E-03,3.030311417115E-05
8.1840E-07,8.44765106682E-03,2.431298408937E-05
8.1860E-07,8.53069523815E-03,2.436396017019E-05
8.1880E-07,8.50354811642E-03,2.376633899566E-05
8.1900E-07,8.43662327621E-03,2.249820230809E-05
8.1920E-07,8.53674953338E-03,2.277680494171E-05
8.1940E-07,8.52476527449E-03,1.760479689856E-05
8.1960E-07,8.44789134804E-03,1.490028927383E-05
8.1980E-07,8.45004084054E-03,1.042270630878E-05
8.2000E-07,8.51403434295E-03,1.071685779189E-05
8.2020E-07,8.44645198900E-03,1.130302374531E-05
8.2040E-07,8.42208276968E-03,9.647185758693E-06
8.2060E-07,8.40208448004E-03,1.330729195197E-05
8.2080E-07,8.32613884937E-03,1.649155200739E-05
8.2100E-07,8.37636158336E-03,1.955239957479E-05
8.2120E-07,8.42116122600E-03,2.452275132109E-05
8.2140E-07,8.51669303607E-03,3.566158351768E-05
8.2160E-07,8.49525259342E-03,4.369743152802E-05
8.2180E-07,8.35470227990E-03,4.533013704513E-05
8.2200E-07,8.27674662229E-03,4.630136078504E-05
8.2220E-07,8.45322060864E-03,5.330822326523E-05
8.2240E-07,8.53848691564E-03,5.742214632501E-05
8.2260E-07,8.40061485302E-03,5.810731563997E-05
8.2280E-07,8.41585315298E-03,5.126607858856E-05
8.2300E-07,8.57724017929E-03,4.562298411783E-05
8.2320E-07,8.57442968059E-03,4.081478168537E-05
8.2340E-07,8.48421898205E-03,4.424171064329E-05
8.2360E-07,8.49693200085E-03,5.343857410644E-05
8.2380E-07,8.44263915438E-03,4.979436368030E-05
8.2400E-07,8.33563740831E-03,3.886969763134E-05
8.2420E-07,8.26599892694E-03,3.719682598767E-05
8.2440E-07,8.52388633881E-03,3.610739352462E-05
8.2460E-07,8.65251991432E-03,3.903995788005E-05
8.2480E-07,8.57338147703E-03,4.632640824002E-05
8.2500E-07,8.46045256127E-03,5.281872244832E-05
8.2520E-07,8.26513582375E-03,5.514309157897E-05
8.2540E-07,8.29290087800E-03,5.918491821085E-05
8.2560E-07,8.43009377364E-03,6.371199244913E-05
8.2580E-07,8.48916407209E-03,6.564776523319E-05
8.2600E-07,8.56710832100E-03,6.758061697055E-05
8.2620E-07,8.49585143383E-03,6.952892735881E-05
8.2640E-07,8.43423978891E-03,7.045328252298E-05
8.2660E-07,8.32632697653E-03,6.792982428615E-05
8.2680E-07,8.47381494474E-03,5.948873481993E-05
8.2700E-07,8.51352327969E-03,5.768940475118E-05
8.2720E-07,8.63549463916E-03,5.840816263390E-05
8.2740E-07,8.67750660051E-03,5.299244493526E-05
8.2760E-07,8.59009243082E-03,4.811202118453E-05
8.2780E-07,8.46028329339E-03,5.035222115275E-05
8.2800E-07,8.45846185926E-03,4.425987525192E-05
8.2820E-07,8.55240925681E-03,4.091197413672E-05
8.2840E-07,8.56923616025E-03,4.372938264441E-05
8.2860E-07,8.63829000387E-03,4.233589766827E-05
8.2880E-07,8.43158435542E-03,4.223604782765E-05
8.2900E-07,8.39034888428E-03,4.585858283845E-05
8.2920E-07,8.50539190229E-03,4.826698930283E-05
8.2940E-07,8.51444878150E-03,4.604448907357E-05
8.2960E-07,8.40463164728E-03,4.253433456924E-05
8.2980E-07,8.49021739792E-03,4.239926564787E-05
8.3000E-07,8.49371730816E-03,4.308009155375E-05
8.3020E-07,8.47004076000E-03,4.063822835033E-05
8.3040E-07,8.44019769225E-03,3.392536470947E-05
8.3060E-07,8.33449188154E-03,3.119733606745E-05
8.3080E-07,8.38138630148E-03,3.320646805969E-05
8.3100E-07,8.36504834238E-03,2.759607404751E-05
8.3120E-07,8.58860534150E-03,2.140538392868E-05
8.3140E-07,8.57432676945E-03,1.819631926064E-05
8.3160E-07,8.45109370071E-03,1.656027639565E-05
8.3180E-07,8.36728118826E-03,1.317023172323E-05
8.3200E-07,8.38051225524E-03,1.184536706005E-05
8.3220E-07,8.49112427328E-03,7.689140860929E-06
8.3240E-07,8.60077865887E-03,9.229934013455E-06
8.3260E-07,8.59339373652E-03,1.552337420453E-05
8.3280E-07,8.53770437185E-03,1.601293052827E-05
8.3300E-07,8.56109197717E-03,1.534459365812E-05
8.3320E-07,8.57036538888E-03,1.130642353837E-05
8.3340E-07,8.46050657798E-03,5.861467619432E-06
8.3360E-07,8.37322023231E-03,5.183826417668E-06
8.3380E-07,8.29405804630E-03,8.328198297016E-07
8.3400E-07,8.34217878524E-03,5.193429098471E-06
8.3420E-07,8.40167027432E-03,8.127790487377E-06
8.3440E-07,8.38403498288E-03,4.389239273041E-06
8.3460E-07,8.54657708201E-03,4.364039590636E-07
8.3480E-07,8.57931213919E-03,2.858256951913E-06
8.3500E-07,8.47356232349E-03,2.500051008592E-07
8.3520E-07,8.40202115010E-03,-4.451089973555E-06
8.3540E-07,8.62002281006E-03,-9.031360565679E-06
8.3560E-07,8.49159389269E-03,-1.096526693273E-05
8.3580E-07,8.48296472337E-03,-1.270016745384E-05
8.3600E-07,8.51076097693E-03,-1.332909447792E-05
8.3620E-07,8.48178916145E-03,-6.976379935623E-06
8.3640E-07,8.37690873537E-03,-7.844381795259E-06
8.3660E-07,8.45119987149E-03,-5.235672012896E-06
8.3680E-07,8.53355323430E-03,-5.188664670096E-06
8.3700E-07,8.52386841085E-03,-4.046770902284E-07
8.3720E-07,8.56937841978E-03,-1.814834929064E-06
8.3740E-07,8.57897197362E-03,-4.607140474946E-06
8.3760E-07,8.33668840583E-03,-6.214583448128E-06
8.3780E-07,8.26696750242E-03,-5.605493175791E-06
8.3800E-07,8.41682964470E-03,4.687089314743E-07
8.3820E-07,8.50863174070E-03,9.570357373923E-06
8.3840E-07,8.32560683135E-03,8.799103911042E-06
8.3860E-07,8.39907537680E-03,8.803232231184E-06
8.3880E-07,8.45691795926E-03,1.324506880064E-05
8.3900E-07,8.46705354284E-03,2.004278850090E-05
8.3920E-07,8.45242316369E-03,1.808028918040E-05
8.3940E-07,8.38368108030E-03,2.288198343758E-05
8.3960E-07,8.38775398675E-03,3.052709808853E-05
8.3980E-07,8.36143830325E-03,3.498839673866E-05
8.4000E-07,8.35873164702E-03,3.785651073140E-05
8.4020E-07,8.33740436006E-03,4.003958723788E-05
8.4040E-07,8.36657175328E-03,4.769568530191E-05
8.4060E-07,8.34285096731E-03,4.864224319626E-05
8.4080E-07,8.38202425744E-03,5.066886677687E-05
8.4100E-07,8.42344901990E-03,5.112033154164E-05
8.4120E-07,8.45723740291E-03,5.304131869507E-05
8.4140E-07,8.45774846617E-03,5.416992510018E-05
8.4160E-07,8.46114197280E-03,5.475385690388E-05
8.4180E-07,8.47743639257E-03,5.472452848498E-05
8.4200E-07,8.58622045722E-03,5.548993985449E-05
8.4220E-07,8.48608046304E-03,5.592957472709E-05
8.4240E-07,8.46987242345E-03,5.610840384197E-05
8.4260E-07,8.54732400272E-03,5.505634828751E-05
8.4280E-07,8.59777188394E-03,5.021504297201E-05
8.4300E-07,8.55851198081E-03,5.455274873693E-05
8.4320E-07,8.34009355400E-03,5.769143768866E-05
8.4340E-07,8.39308138471E-03,5.973827269208E-05
8.4360E-07,8.49088329356E-03,6.383207452764E-05
8.4380E-07,8.29201798420E-03,5.754748073687E-05
8.4400E-07,8.27705232892E-03,4.954413891119E-05
8.4420E-07,8.41584058013E-03,4.629268090521E-05
8.4440E-07,8.48142757546E-03,4.044135951717E-05
8.4460E-07,8.54947139975E-03,3.568407072034E-05
8.4480E-07,8.66672374774E-03,3.010319940095E-05
8.4500E-07,8.62869807985E-03,2.224524382782E-05
8.4520E-07,8.37785915006E-03,2.497040692997E-05
8.4540E-07,8.34227378014E-03,2.869392967132E-05
8.4560E-07,8.41124636587E-03,2.518478122820E-05
8.4580E-07,8.30171281937E-03,2.463418127318E-05
8.4600E-07,8.30795477610E-03,2.410442413111E-05
8.4620E-07,8.51538639050E-03,2.304083009531E-05
8.4640E-07,8.52896949742E-03,2.207230537479E-05
8.4660E-07,8.49225559737E-03,2.217733122688E-05
8.4680E-07,8.43756391201E-03,1.991896665004E-05
8.4700E-07,8.50590273272E-03,1.398092278559E-05
8.4720E-07,8.49546190817E-03,1.194754124899E-05
8.4740E-07,8.52967101615E-03,1.179475177359E-05
8.4760E-07,8.57763878535E-03,1.453861373757E-05
8.4780E-07,8.45374494325E-03,1.872473036219E-05
8.4800E-07,8.36302201729E-03,1.978518132400E-05
8.4820E-07,8.38029199745E-03,1.570003855322E-05
8.4840E-07,8.43484584708E-03,1.755758834351E-05
8.4860E-07,8.45920738298E-03,1.825425450970E-05
8.4880E-07,8.39484670665E-03,1.630108727422E-05
8.4900E-07,8.32670602482E-03,1.108898248803E-05
8.4920E-07,8.36335449945E-03,1.100126782712E-05
8.4940E-07,8.48172699567E-03,9.067493288785E-06
8.4960E-07,8.50545336958E-03,6.594844612299E-06
8.4980E-07,8.34723074455E-03,9.905916948810E-06
8.5000E-07,8.40813691262E-03,1.006533255149E-05
8.5020E-07,8.45072722528E-03,8.363777755765E-06
8.5040E-07,8.40538019780E-03,9.490524682222E-06
8.5060E-07,8.23106059339E-03,1.009001921211E-05
8.5080E-07,8.18030793685E-03,9.296805861413E-06
8.5100E-07,8.36092561018E-03,8.173576680018E-06
8.5120E-07,8.47331738565E-03,8.398726240737E-06
8.5140E-07,8.38069246616E-03,1.025012865011E-05
8.5160E-07,8.38666736614E-03,1.666096577701E-05
8.5180E-07,8.38737703394E-03,1.764675312024E-05
8.5200E-07,8.38282659184E-03,1.237004532759E-05
8.5220E-07,8.39677151758E-03,1.236069936585E-05
8.5240E-07,8.53204844985E-03,1.002543008235E-05
8.5260E-07,8.50780658889E-03,1.341036118847E-05
8.5280E-07,8.32170528825E-03,1.787224959862E-05
8.5300E-07,8.35340308491E-03,1.564769561683E-05
8.5320E-07,8.40873575304E-03,1.428578014766E-05
8.5340E-07,8.44868879300E-03,1.741612919886E-05
8.5360E-07,8.35258515086E-03,2.136251184438E-05
8.5380E-07,8.44834094401E-03,2.221398654674E-05
8.5400E-07,8.64404278342E-03,2.226931991336E-05
8.5420E-07,8.66950002033E-03,1.684124500771E-05
8.5440E-07,8.51866371464E-03,1.670551694278E-05
8.5460E-07,8.41107593384E-03,1.996937378590E-05
8.5480E-07,8.32793956157E-03,2.803511916009E-05
8.5500E-07,8.37079413701E-03,3.158200530615E-05
8.5520E-07,8.40480044950E-03,3.242783218902E-05
8.5540E-07,8.39465578552E-03,3.697616554145E-05
8.5560E-07,8.25477974955E-03,3.646295637172E-05
8.5580E-07,8.21022946853E-03,3.001747604740E-05
8.5600E-07,8.40351848397E-03,3.088106511441E-05
8.5620E-07,8.55009329040E-03,3.225751643349E-05
8.5640E-07,8.48461223300E-03,3.393675748539E-05
8.5660E-07,8.31408055033E-03,3.303938557674E-05
8.5680E-07,8.26452720445E-03,3.384301339556E-05
8.5700E-07,8.25262001250E-03,3.439598626737E-05
8.5720E-07,8.32913910504E-03,3.425529727992E-05
8.5740E-07,8.45908933785E-03,3.356171868090E-05
8.5760E-07,8.61265930813E-03,3.676879897994E-05
8.5780E-07,8.61639018636E-03,3.826563072671E-05
8.5800E-07,8.59710109886E-03,3.568134394754E-05
8.5820E-07,8.58702372294E-03,3.904906099942E-05
8.5840E-07,8.48787721712E-03,4.380199251045E-05
8.5860E-07,8.44414254185E-03,4.490522535798E-05
8.5880E-07,8.34325958509E-03,4.267328896840E-05
8.5900E-07,8.34425773006E-03,3.972634140682E-05
8.5920E-07,8.41027196962E-03,4.583126654197E-05
8.5940E-07,8.36071233731E-03,4.449194235076E-05
8.5960E-07,8.36272376124E-03,4.134940261301E-05
8.5980E-07,8.46397249494E-03,4.042471440789E-05
8.6000E-07,8.41828041244E-03,3.920573595260E-05
8.6020E-07,8.38945318479E-03,3.631478783955E-05
8.6040E-07,8.41796911787E-03,3.584876640980E-05
8.6060E-07,8.40176387224E-03,3.475593415369E-05
8.6080E-07,8.44721311238E-03,3.640515295137E-05
8.6100E-07,8.46605469938E-03,3.613161531557E-05
8.6120E-07,8.36745348293E-03,3.668639215921E-05
8.6140E-07,8.39002501685E-03,3.983426055220E-05
8.6160E-07,8.35159049835E-03,4.828781130072E-05
8.6180E-07,8.37234409060E-03,5.866282794905E-05
8.6200E-07,8.42268300708E-03,6.177000983898E-05
8.6220E-07,8.45848933328E-03,6.322234592680E-05
8.6240E-07,8.30883208197E-03,6.256558222976E-05
8.6260E-07,8.30326975789E-03,6.398434362654E-05
8.6280E-07,8.44819449354E-03,6.300550851320E-05
8.6300E-07,8.51384784561E-03,5.960203118902E-05
8.6320E-07,8.43297877815E-03,6.092017952633E-05
8.6340E-07,8.48640596028E-03,6.686419731286E-05
8.6360E-07,8.41824362520E-03,6.844703688566E-05
8.6380E-07,8.28876371030E-03,7.075308876392E-05
8.6400E-07,8.40369217563E-03,7.135970204417E-05
8.6420E-07,8.58014474157E-03,7.940518048872E-05
8.6440E-07,8.55501835700E-03,8.339340834227E-05
8.6460E-07,8.52407586295E-03,7.851782756206E-05
8.6480E-07,8.36842671502E-03,7.594096482080E-05
8.6500E-07,8.30038521904E-03,7.620390759130E-05
8.6520E-07,8.40857044328E-03,7.701781111118E-05
8.6540E-07,8.48555659410E-03,7.978509695549E-05
8.6560E-07,8.43658322934E-03,8.393235880230E-05
8.6580E-07,8.47090758849E-03,9.033777013701E-05
8.6600E-07,8.41987111140E-03,8.556370440219E-05
8.6620E-07,8.49737298209E-03,8.245467691031E-05
8.6640E-07,8.47846364137E-03,8.145328521077E-05
8.6660E-07,8.41204660479E-03,7.638676095103E-05
8.6680E-07,8.28178763855E-03,7.293503431883E-05
8.6700E-07,8.35096185561E-03,7.753448251915E-05
8.6720E-07,8.39676802512E-03,7.837775608805E-05
8.6740E-07,8.40741374064E-03,7.430850908440E-05
8.6760E-07,8.33013259340E-03,7.850134203491E-05
8.6780E-07,8.47618096974E-03,7.862963218522E-05
8.6800E-07,8.49416038487E-03,7.662382366416E-05
8.6820E-07,8.55161251034E-03,7.315255862941E-05
8.6840E-07,8.47623079549E-03,7.236380663980E-05
8.6860E-07,8.47129129339E-03,6.981162362081E-05
8.6880E-07,8.49553571548E-03,6.411719921325E-05
8.6900E-07,8.46624375787E-03,6.677519211826E-05
8.6920E-07,8.41737772804E-03,6.865183625650E-05
8.6940E-07,8.45020079519E-03,6.969200641197E-05
8.6960E-07,8.40861281846E-03,7.137337753829E-05
8.6980E-07,8.21415289771E-03,7.379192787503E-05
8.7000E-07,8.34152359981E-03,7.414791396168E-05
8.7020E-07,8.50610808935E-03,7.114072761778E-05
8.7040E-07,8.52504606824E-03,6.773067273480E-05
8.7060E-07,8.52827519644E-03,7.118557019439E-05
8.7080E-07,8.52152124513E-03,7.576332910266E-05
8.7100E-07,8.47572741564E-03,7.283820266184E-05
8.7120E-07,8.54036259930E-03,6.893322116975E-05
8.7140E-07,8.56008265633E-03,6.902581349295E-05
8.7160E-07,8.44337024260E-03,6.858130095807E-05
8.7180E-07,8.40019831899E-03,6.276150050853E-05
8.7200E-07,8.39486859273E-03,6.052513051127E-05
8.7220E-07,8.52515037637E-03,6.001824911964E-05
8.7240E-07,8.60007504467E-03,6.461819688138E-05
8.7260E-07,8.50121701602E-03,6.482017234248E-05
8.7280E-07,8.52121484000E-03,6.369064313640E-05
8.7300E-07,8.49625818897E-03,6.431087640394E-05
8.7320E-07,8.40998651925E-03,6.724464109448E-05
8.7340E-07,8.35567784030E-03,6.513028897625E-05
8.7360E-07,8.45730958041E-03,6.192598401849E-05
8.7380E-07,8.65264657419E-03,6.349330943358E-05
8.7400E-07,8.58592895325E-03,6.469236787689E-05
8.7420E-07,8.38757284451E-03,6.504208169226E-05
8.7440E-07,8.44201353844E-03,6.352579480317E-05
8.7460E-07,8.55557063129E-03,5.976921774727E-05
8.7480E-07,8.28464214224E-03,5.918390521128E-05
8.7500E-07,8.26634817291E-03,6.082919690107E-05
8.7520E-07,8.43423163984E-03,5.467976223026E-05
8.7540E-07,8.34370638709E-03,4.760702702497E-05
8.7560E-07,8.33273517433E-03,5.364542029147E-05
8.7580E-07,8.42797617894E-03,5.679379518424E-05
8.7600E-07,8.41027383227E-03,5.918394684140E-05
8.7620E-07,8.49323884118E-03,5.790640174691E-05
8.7640E-07,8.42451072764E-03,5.276692070347E-05
8.7660E-07,8.37848942261E-03,5.423070507404E-05
8.7680E-07,8.38505967054E-03,5.849063883816E-05
8.7700E-07,8.37596483994E-03,6.264634466079E-05
8.7720E-07,8.32680870313E-03,6.655193672796E-05
8.7740E-07,8.29632581677E-03,6.465585132409E-05
8.7760E-07,8.29604804981E-03,5.687833207940E-05
8.7780E-07,8.48171675112E-03,5.325492283609E-05
8.7800E-07,8.53052340913E-03,5.474607900996E-05
8.7820E-07,8.36149627808E-03,5.660381613579E-05
8.7840E-07,8.40176922735E-03,5.697739788611E-05
8.7860E-07,8.45469791908E-03,5.985530883354E-05
8.7880E-07,8.32036651205E-03,5.823641757761E-05
8.7900E-07,8.35232438054E-03,5.677684478742E-05
8.7920E-07,8.53218093049E-03,5.765712753218E-05
8.7940E-07,8.52365700062E-03,5.629466393311E-05
8.7960E-07,8.27547653112E-03,5.654209948425E-05
8.7980E-07,8.40793714393E-03,5.460443946813E-05
8.8000E-07,8.43873947393E-03,5.844676069264E-05
8.8020E-07,8.41796259861E-03,5.997645941843E-05
8.8040E-07,8.38028477970E-03,5.579280590919E-05
8.8060E-07,8.37028237525E-03,5.122610673588E-05
8.8080E-07,8.41460215393E-03,5.028190094326E-05
8.8100E-07,8.44919450115E-03,4.848653267418E-05
8.8120E-07,8.53474975098E-03,4.361662746687E-05
8.8140E-07,8.60177587252E-03,4.054229867925E-05
8.8160E-07,8.47379818093E-03,4.171337474418E-05
8.8180E-07,8.36886443663E-03,4.150305244420E-05
8.8200E-07,8.39332259726E-03,3.979271369335E-05
8.8220E-07,8.47899379674E-03,3.560371765216E-05
8.8240E-07,8.35191902239E-03,3.522548026685E-05
8.8260E-07,8.40556483250E-03,4.243655929622E-05
8.8280E-07,8.35435559507E-03,4.148886351195E-05
8.8300E-07,8.48624297883E-03,4.229686943163E-05
8.8320E-07,8.66164152045E-03,4.095148111974E-05
8.8340E-07,8.63601082470E-03,3.220804597531E-05
8.8360E-07,8.36490817834E-03,2.991872940493E-05
8.8380E-07,8.38800753932E-03,3.281081540790E-05
8.8400E-07,8.36026018020E-03,3.387709458639E-05
8.8420E-07,8.38603523094E-03,3.036310317275E-05
8.8440E-07,8.43803748954E-03,3.221100865212E-05
8.8460E-07,8.47527269740E-03,3.424500076380E-05
8.8480E-07,8.35595118347E-03,3.487830588874E-05
8.8500E-07,8.51073513273E-03,3.478361124453E-05
8.8520E-07,8.56201561633E-03,3.218335931469E-05
8.8540E-07,8.32954003941E-03,3.059948592727E-05
8.8560E-07,8.26528367121E-03,2.940946815815E-05
8.8580E-07,8.46166514326E-03,2.626461101045E-05
8.8600E-07,8.47295044456E-03,2.815174593870E-05
8.8620E-07,8.56966945808E-03,3.568670729455E-05
8.8640E-07,8.60747789498E-03,3.276228162740E-05
8.8660E-07,8.65646476392E-03,2.503385816981E-05
8.8680E-07,8.69790093508E-03,3.074576722738E-05
8.8700E-07,8.59059348237E-03,3.405792888534E-05
8.8720E-07,8.48122408148E-03,3.897139307392E-05
8.8740E-07,8.46239972394E-03,3.829826874007E-05
8.8760E-07,8.40742305387E-03,3.976035321411E-05
8.8780E-07,8.59076414723E-03,3.839997112100E-05
8.8800E-07,8.74522236641E-03,3.510665403028E-05
8.8820E-07,8.72695051599E-03,3.360249538255E-05
8.8840E-07,8.63602898549E-03,3.459491579142E-05
8.8860E-07,8.59206217807E-03,3.067908965331E-05
8.8880E-07,8.55807635467E-03,3.281479108427E-05
8.8900E-07,8.52688286919E-03,3.299584741053E-05
8.8920E-07,8.50180654321E-03,2.985307870713E-05
8.8940E-07,8.51374283899E-03,2.841030366999E-05
8.8960E-07,8.46496668178E-03,2.363632119541E-05
8.8980E-07,8.40774901677E-03,2.029232637306E-05
8.9000E-07,8.42301665340E-03,1.945998071042E-05
8.9020E-07,8.51234259549E-03,1.502946753335E-05
8.9040E-07,8.46233173739E-03,1.595308723208E-05
8.9060E-07,8.43763748649E-03,2.126427170169E-05
8.9080E-07,8.53202051017E-03,2.150842541178E-05
8.9100E-07,8.53511156980E-03,1.892958523986E-05
8.9120E-07,8.39994919021E-03,1.696870949399E-05
8.9140E-07,8.26709765475E-03,1.983460321371E-05
8.9160E-07,8.31636997405E-03,1.683358506580E-05
8.9180E-07,8.44477281440E-03,7.805205632939E-06
8.9200E-07,8.60724087339E-03,5.803483801900E-06
8.9220E-07,8.57973915059E-03,1.329997198936E-05
8.9240E-07,8.60033371951E-03,1.735074215849E-05
8.9260E-07,8.60363083426E-03,1.556209715363E-05
8.9280E-07,8.30600202549E-03,1.385113395099E-05
8.9300E-07,8.10108568054E-03,1.048202229012E-05
8.9320E-07,8.18249887321E-03,9.310425848705E-06
8.9340E-07,8.33418198395E-03,1.186084652600E-05
8.9360E-07,8.42561830301E-03,1.063424282056E-05
8.9380E-07,8.45223806333E-03,7.149191278040E-06
8.9400E-07,8.53023679461E-03,8.254581953405E-06
8.9420E-07,8.53000908624E-03,1.188542217296E-05
8.9440E-07,8.39306671638E-03,1.162856433821E-05
8.9460E-07,8.32521707285E-03,5.039494794799E-06
8.9480E-07,8.45187135506E-03,-4.024748985650E-06
8.9500E-07,8.41971674468E-03,-2.646230037318E-06
8.9520E-07,8.46112520900E-03,-3.883788986074E-07
8.9540E-07,8.43369123991E-03,-5.942537141899E-07
8.9560E-07,8.35769927595E-03,-2.089718605386E-06
8.9580E-07,8.48559454549E-03,-2.666066789062E-06
8.9600E-07,8.50432996172E-03,-2.191733212205E-06
8.9620E-07,8.48130627070E-03,-2.009275338607E-06
8.9640E-07,8.37631967384E-03,-3.500167438698E-07
8.9660E-07,8.39283411857E-03,-4.238929009991E-06
8.9680E-07,8.49578065332E-03,-8.082943192676E-06
8.9700E-07,8.56212178711E-03,-6.349791136563E-06
8.9720E-07,8.48472143058E-03,-9.554207107977E-06
8.9740E-07,8.40575878043E-03,-1.291512457374E-05
8.9760E-07,8.43683608342E-03,-1.050038339290E-05
8.9780E-07,8.47864827607E-03,-6.366873362095E-06
8.9800E-07,8.51775078569E-03,-7.457686557428E-06
8.9820E-07,8.45140150282E-03,-9.348491874518E-06
8.9840E-07,8.36557174567E-03,-5.441449691536E-06
8.9860E-07,8.37826706935E-03,-5.686164991862E-07
8.9880E-07,8.52733176667E-03,-2.411574932741E-06
8.9900E-07,8.48969469312E-03,-3.559719740406E-06
8.9920E-07,8.48160149995E-03,-3.828490727576E-06
8.9940E-07,8.35210854653E-03,-2.256051746191E-06
8.9960E-07,8.36401457433E-03,7.606058661548E-08
8.9980E-07,8.40988733340E-03,6.192010764971E-06
9.0000E-07,8.43017852399E-03,1.260634482187E-05
9.0020E-07,8.48329394590E-03,1.640335166176E-05
9.0040E-07,8.43804587144E-03,1.614990055841E-05
9.0060E-07,8.49128189962E-03,1.454419217352E-05
9.0080E-07,8.56369036715E-03,1.010251518619E-05
9.0100E-07,8.44721986446E-03,1.358323025797E-05
9.0120E-07,8.38979009073E-03,2.041981861275E-05
9.0140E-07,8.38033670094E-03,2.890094931517E-05
9.0160E-07,8.38802081067E-03,3.075087385532E-05
9.0180E-07,8.34677020553E-03,3.148795592879E-05
9.0200E-07,8.39582808781E-03,3.336172065046E-05
9.0220E-07,8.57303083409E-03,3.413332796936E-05
9.0240E-07,8.58674386050E-03,3.960741109495E-05
9.0260E-07,8.42440641951E-03,4.290639682022E-05
9.0280E-07,8.34248053376E-03,4.180773634744E-05
9.0300E-07,8.37217645254E-03,4.478415803333E-05
9.0320E-07,8.42181408312E-03,4.494718851802E-05
9.0340E-07,8.62734440248E-03,4.722621551064E-05
9.0360E-07,8.47272925544E-03,5.092128406559E-05
9.0380E-07,8.27800088096E-03,5.242166131084E-05
9.0400E-07,8.28682609368E-03,5.455503145513E-05
9.0420E-07,8.41383916791E-03,5.754200637621E-05
9.0440E-07,8.49675318692E-03,5.906351784524E-05
9.0460E-07,8.45734054688E-03,5.751910287236E-05
9.0480E-07,8.41499004979E-03,5.723123059888E-05
9.0500E-07,8.40326982085E-03,5.920387379174E-05
9.0520E-07,8.37539300788E-03,5.509030458797E-05
9.0540E-07,8.54681456927E-03,5.466308936757E-05
9.0560E-07,8.53302238043E-03,5.881307104882E-05
9.0580E-07,8.40895088855E-03,5.950560889487E-05
9.0600E-07,8.29654723871E-03,5.258970822488E-05
9.0620E-07,8.27791030984E-03,5.064986956586E-05
9.0640E-07,8.24459014926E-03,5.282612567116E-05
9.0660E-07,8.37812038604E-03,4.735476238002E-05
9.0680E-07,8.52282556239E-03,4.457665270474E-05
9.0700E-07,8.64686632063E-03,4.700805980992E-05
9.0720E-07,8.65225658286E-03,4.328600799945E-05
9.0740E-07,8.50825013127E-03,4.239467245807E-05
9.0760E-07,8.50102399941E-03,4.489549084847E-05
9.0780E-07,8.44618702773E-03,4.120366944280E-05
9.0800E-07,8.39928259607E-03,4.128658276331E-05
9.0820E-07,8.41196348425E-03,4.297011865583E-05
9.0840E-07,8.43647286761E-03,4.048252476659E-05
9.0860E-07,8.41722126584E-03,3.471280535032E-05
9.0880E-07,8.51088833529E-03,3.374137345982E-05
9.0900E-07,8.49278109614E-03,3.286588511710E-05
9.0920E-07,8.30971194897E-03,3.392522594240E-05
9.0940E-07,8.35899008904E-03,2.938584306557E-05
9.0960E-07,8.53612787556E-03,2.279297824298E-05
9.0980E-07,8.59644218814E-03,2.322835990508E-05
9.1000E-07,8.45294703264E-03,2.353294667137E-05
9.1020E-07,8.36904790718E-03,2.003013988306E-05
9.1040E-07,8.44744571019E-03,1.794108500053E-05
9.1060E-07,8.43496202957E-03,1.559286874999E-05
9.1080E-07,8.46666844096E-03,1.766244767514E-05
9.1100E-07,8.50625523832E-03,1.651846587938E-05
9.1120E-07,8.48216448445E-03,1.429738801253E-05
9.1140E-07,8.43747613486E-03,1.147939668317E-05
9.1160E-07,8.41818821151E-03,1.518073750940E-05
9.1180E-07,8.51270697545E-03,1.666009154451E-05
9.1200E-07,8.46562931780E-03,1.691211334710E-05
9.1220E-07,8.36669259239E-03,1.392355648149E-05
9.1240E-07,8.40093476232E-03,1.231754974742E-05
9.1260E-07,8.41786387842E-03,1.036632525083E-05
9.1280E-07,8.39329558890E-03,1.429686069769E-05
9.1300E-07,8.30264460761E-03,1.773877649848E-05
9.1320E-07,8.28324120026E-03,1.499057806377E-05
9.1340E-07,8.47133832518E-03,1.597986233701E-05
9.1360E-07,8.51064735558E-03,2.007624523994E-05
9.1380E-07,8.52698694449E-03,1.480071696733E-05
9.1400E-07,8.48896872718E-03,1.483627602738E-05
9.1420E-07,8.42265041079E-03,1.768540668581E-05
9.1440E-07,8.38193671312E-03,1.855861231033E-05
9.1460E-07,8.33450422157E-03,2.264557986800E-05
9.1480E-07,8.28258648049E-03,2.199619164039E-05
9.1500E-07,8.32596376073E-03,1.798358935211E-05
9.1520E-07,8.42629770283E-03,1.901273446438E-05
9.1540E-07,8.25767802540E-03,1.976625349653E-05
9.1560E-07,8.21034658234E-03,2.065866448265E-05
9.1580E-07,8.36897084024E-03,2.190935121198E-05
9.1600E-07,8.56311015319E-03,1.824164752197E-05
9.1620E-07,8.55731895659E-03,1.803212313261E-05
9.1640E-07,8.38200027589E-03,2.340951336828E-05
9.1660E-07,8.24801112991E-03,2.426892554667E-05
9.1680E-07,8.33851705771E-03,1.969982570317E-05
9.1700E-07,8.38582917582E-03,1.691111422424E-05
9.1720E-07,8.46425934229E-03,1.992910358404E-05
9.1740E-07,8.50165380631E-03,2.473580733222E-05
9.1760E-07,8.48642831202E-03,2.402935808805E-05
9.1780E-07,8.44708133023E-03,2.086818887201E-05
9.1800E-07,8.44686037395E-03,1.926023246069E-05
9.1820E-07,8.47199840005E-03,2.069534755592E-05
9.1840E-07,8.53623753879E-03,1.933452834655E-05
9.1860E-07,8.52527680341E-03,2.266035162193E-05
9.1880E-07,8.45790073741E-03,2.225058635977E-05
9.1900E-07,8.45441456418E-03,2.029222229776E-05
9.1920E-07,8.45467556734E-03,2.267365938332E-05
9.1940E-07,8.26151321176E-03,2.249651628826E-05
9.1960E-07,8.21188815404E-03,1.741966082063E-05
9.1980E-07,8.23267969768E-03,2.105252010096E-05
9.2000E-07,8.27619248535E-03,2.700496798661E-05
9.2020E-07,8.40983960312E-03,2.556625188608E-05
9.2040E-07,8.46209913958E-03,2.537203350384E-05
9.2060E-07,8.38137465995E-03,2.387429283280E-05
9.2080E-07,8.57835054863E-03,2.019969241974E-05
9.2100E-07,8.51883996744E-03,2.273110200931E-05
9.2120E-07,8.36177823599E-03,2.906132241060E-05
9.2140E-07,8.26976147015E-03,3.360663757940E-05
9.2160E-07,8.46020645928E-03,2.936019197386E-05
9.2180E-07,8.48997991066E-03,2.675841360633E-05
9.2200E-07,8.46032450441E-03,2.947427237686E-05
9.2220E-07,8.37735181209E-03,2.735773467739E-05
9.2240E-07,8.32370972726E-03,2.655919960980E-05
9.2260E-07,8.38438376319E-03,2.315260002670E-05
9.2280E-07,8.32729368936E-03,2.038545988780E-05
9.2300E-07,8.31815066282E-03,1.913832559530E-05
9.2320E-07,8.34647986572E-03,2.063213915844E-05
9.2340E-07,8.23690208141E-03,1.854230718036E-05
9.2360E-07,8.30448187422E-03,1.705074164365E-05
9.2380E-07,8.26372859534E-03,1.577700570506E-05
9.2400E-07,8.23924878146E-03,1.393762746174E-05
9.2420E-07,8.25661724899E-03,9.265548580332E-06
9.2440E-07,8.23445386719E-03,8.799790808006E-06
9.2460E-07,8.36424996611E-03,1.033418679890E-05
9.2480E-07,8.47716980148E-03,5.797100516973E-06
9.2500E-07,8.45051465090E-03,2.757220652893E-06
9.2520E-07,8.36139290128E-03,4.074036826385E-06
9.2540E-07,8.31870433409E-03,-1.078960129054E-06
9.2560E-07,8.41729041655E-03,-3.502173039125E-06
9.2580E-07,8.30586488824E-03,-6.864034120918E-06
9.2600E-07,8.25213293079E-03,-1.200330701377E-05
9.2620E-07,8.35155860055E-03,-9.770031522022E-06
9.2640E-07,8.33957969677E-03,-9.255032257171E-06
9.2660E-07,8.45920272637E-03,-1.813259964529E-05
9.2680E-07,8.38947413955E-03,-2.188782372232E-05
9.2700E-07,8.26289110351E-03,-2.162714979331E-05
9.2720E-07,8.38568668347E-03,-1.878078059945E-05
9.2740E-07,8.51198031101E-03,-1.679135353024E-05
9.2760E-07,8.51808769163E-03,-1.604262890014E-05
9.2780E-07,8.54319614824E-03,-1.048548674862E-05
9.2800E-07,8.52022321429E-03,-9.219709101126E-06
9.2820E-07,8.38206057902E-03,-1.028752165566E-05
9.2840E-07,8.38901383337E-03,-1.235583086218E-05
9.2860E-07,8.62636907492E-03,-9.419693254860E-06
9.2880E-07,8.54619919788E-03,-9.115495036349E-06
9.2900E-07,8.42926373240E-03,-7.996775784523E-06
9.2920E-07,8.39485601988E-03,-1.070523091586E-06
9.2940E-07,8.35774328094E-03,5.024112465798E-06
9.2960E-07,8.19214760791E-03,7.584961904273E-07
9.2980E-07,8.21676199790E-03,-2.774312037037E-06
9.3000E-07,8.31374620553E-03,2.601704404696E-06
9.3020E-07,8.47490715329E-03,9.024308978586E-06
9.3040E-07,8.51263503078E-03,1.375507938956E-05
9.3060E-07,8.48500664811E-03,9.414188920526E-06
9.3080E-07,8.33289466333E-03,8.082191630274E-06
9.3100E-07,8.38918682653E-03,1.265296361689E-05
9.3120E-07,8.43726193067E-03,1.466806953122E-05
9.3140E-07,8.44042889308E-03,1.526412957628E-05
9.3160E-07,8.18899182137E-03,1.761243602541E-05
9.3180E-07,8.24947400484E-03,1.272685707827E-05
9.3200E-07,8.45842903014E-03,6.087512227713E-06
9.3220E-07,8.26233533677E-03,1.212274854352E-05
9.3240E-07,8.08971819002E-03,1.876607600879E-05
9.3260E-07,8.36679131258E-03,2.481830435154E-05
9.3280E-07,8.63142825197E-03,2.799154630211E-05
9.3300E-07,8.59545894433E-03,2.779637042713E-05
9.3320E-07,8.58825493138E-03,2.708340606932E-05
9.3340E-07,8.63869815599E-03,3.137646353152E-05
9.3360E-07,8.54951517191E-03,3.245962372330E-05
9.3380E-07,8.54879106861E-03,3.630855026004E-05
9.3400E-07,8.41168688144E-03,3.769141261746E-05
9.3420E-07,8.28169078100E-03,4.681791424100E-05
9.3440E-07,8.40480347630E-03,5.248780463171E-05
9.3460E-07,8.32019677851E-03,4.812911728677E-05
9.3480E-07,8.32439145539E-03,4.704692152609E-05
9.3500E-07,8.32737122197E-03,4.963430281077E-05
9.3520E-07,8.40795390773E-03,5.284865450394E-05
9.3540E-07,8.52595154662E-03,5.200048245770E-05
9.3560E-07,8.46762048546E-03,5.254771037307E-05
9.3580E-07,8.47692742478E-03,5.818707894814E-05
9.3600E-07,8.64340808708E-03,5.395711193141E-05
9.3620E-07,8.48908537533E-03,4.706115208846E-05
9.3640E-07,8.44040654134E-03,4.625877317321E-05
9.3660E-07,8.70395709295E-03,4.862187912968E-05
9.3680E-07,8.68147426750E-03,4.605253062491E-05
9.3700E-07,8.39672704693E-03,4.455261824933E-05
9.3720E-07,8.27497431543E-03,4.892281632219E-05
9.3740E-07,8.43282580841E-03,5.055363460724E-05
9.3760E-07,8.40179274324E-03,4.718799906132E-05
9.3780E-07,8.26580265071E-03,4.423092150409E-05
9.3800E-07,8.25770386960E-03,4.051000064519E-05
9.3820E-07,8.42531399336E-03,4.113364064415E-05
9.3840E-07,8.57147505972E-03,3.946405084152E-05
9.3860E-07,8.35891628172E-03,4.076181429718E-05
9.3880E-07,8.18800438661E-03,4.537642973755E-05
9.3900E-07,8.27795128804E-03,5.151823915821E-05
9.3920E-07,8.39157869574E-03,4.925074370858E-05
9.3940E-07,8.35578517523E-03,4.421585140098E-05
9.3960E-07,8.17696867976E-03,4.384872925748E-05
9.3980E-07,8.25480512809E-03,4.880677930359E-05
9.4000E-07,8.55581999291E-03,4.741049817112E-05
9.4020E-07,8.43170752283E-03,4.977136303951E-05
9.4040E-07,8.39874499012E-03,4.915604212601E-05
9.4060E-07,8.46471289638E-03,4.527796062921E-05
9.4080E-07,8.45246926416E-03,4.480750559178E-05
9.4100E-07,8.28932040837E-03,4.900996897650E-05
9.4120E-07,8.34143233020E-03,5.080723835435E-05
9.4140E-07,8.47777748946E-03,5.161881752592E-05
9.4160E-07,8.62187381368E-03,5.132792706881E-05
9.4180E-07,8.54464249220E-03,4.797071468365E-05
9.4200E-07,8.49197759759E-03,4.752362108138E-05
9.4220E-07,8.41543545481E-03,5.023078609538E-05
9.4240E-07,8.60660478007E-03,4.801031880361E-05
9.4260E-07,8.53105379734E-03,4.263610633370E-05
9.4280E-07,8.47426104825E-03,4.090780418646E-05
9.4300E-07,8.45738175791E-03,3.776865036507E-05
9.4320E-07,8.42876733746E-03,4.020620485116E-05
9.4340E-07,8.44222611282E-03,4.298282278050E-05
9.4360E-07,8.56603962835E-03,4.113204482292E-05
9.4380E-07,8.62789527979E-03,3.718204729539E-05
9.4400E-07,8.52311077993E-03,3.132659064886E-05
9.4420E-07,8.29393767286E-03,2.512576359604E-05
9.4440E-07,8.25259230565E-03,1.857180905808E-05
9.4460E-07,8.32571975421E-03,1.221964264569E-05
9.4480E-07,8.44413648825E-03,5.478408078670E-06
9.4500E-07,8.44849600922E-03,9.683258673232E-07
9.4520E-07,8.33241573069E-03,-1.025647252518E-05
9.4540E-07,8.37050286587E-03,-2.335905988421E-05
9.4560E-07,8.41980824713E-03,-3.590282533969E-05
9.4580E-07,8.39596080128E-03,-4.448692120332E-05
9.4600E-07,8.39648420457E-03,-5.288944730255E-05
9.4620E-07,8.38854817208E-03,-6.845214573386E-05
9.4640E-07,8.24277476873E-03,-8.653462507482E-05
9.4660E-07,8.38184451219E-03,-9.605152007844E-05
9.4680E-07,8.38541520294E-03,-1.081456039259E-04
9.4700E-07,8.23510486167E-03,-1.216751914164E-04
9.4720E-07,8.46171333920E-03,-1.404057892663E-04
9.4740E-07,8.38411717210E-03,-1.621696686065E-04
9.4760E-07,8.40837090742E-03,-1.859119916027E-04
9.4780E-07,8.27851264272E-03,-2.059996966431E-04
9.4800E-07,8.28047866467E-03,-2.191450381344E-04
9.4820E-07,8.28411687631E-03,-2.392558478909E-04
9.4840E-07,8.39091326576E-03,-2.540274561075E-04
9.4860E-07,8.33313121926E-03,-2.741380715901E-04
9.4880E-07,8.16395274829E-03,-3.022342736525E-04
9.4900E-07,8.25979445595E-03,-3.229540557293E-04
9.4920E-07,8.46969593782E-03,-3.407821403509E-04
9.4940E-07,8.60029809642E-03,-3.609881234979E-04
9.4960E-07,8.61681184266E-03,-3.751323172515E-04
9.4980E-07,8.54748186190E-03,-3.911507891649E-04
9.5000E-07,8.39909656439E-03,-4.042004715810E-04
9.5020E-07,8.32168642897E-03,-4.116934142699E-04
9.5040E-07,8.28003861476E-03,-4.272400157219E-04
9.5060E-07,8.31550198141E-03,-4.434779824382E-04
9.5080E-07,8.40559905860E-03,-4.475155072911E-04
9.5100E-07,8.52567727212E-03,-4.506408399129E-04
9.5120E-07,8.55607121717E-03,-4.542408877211E-04
9.5140E-07,8.48118403461E-03,-4.530372499647E-04
9.5160E-07,8.54009437840E-03,-4.526963756112E-04
9.5180E-07,8.51371094119E-03,-4.511291750865E-04
9.5200E-07,8.33250443917E-03,-4.431250284119E-04
9.5220E-07,8.37316412013E-03,-4.333665815806E-04
9.5240E-07,8.58419203665E-03,-4.193014919916E-04
9.5260E-07,8.42995197978E-03,-4.070849531488E-04
9.5280E-07,8.35123938974E-03,-3.931563756587E-04
9.5300E-07,8.37685844395E-03,-3.722572787823E-04
9.5320E-07,8.43257947359E-03,-3.441794356024E-04
9.5340E-07,8.43510079663E-03,-3.223687501317E-04
9.5360E-07,8.32869812380E-03,-3.000982946875E-04
9.5380E-07,8.19267496932E-03,-2.678978901980E-04
9.5400E-07,8.18963815924E-03,-2.358283916181E-04
9.5420E-07,8.35414581466E-03,-2.075287084719E-04
9.5440E-07,8.52726005483E-03,-1.757858398063E-04
9.5460E-07,8.44717772212E-03,-1.370113387397E-04
9.5480E-07,8.45077425707E-03,-9.876121065299E-05
9.5500E-07,8.44479958992E-03,-6.470963965821E-05
9.5520E-07,8.30291282851E-03,-3.405394849087E-05
9.5540E-07,8.30203319434E-03,3.184706469072E-06
9.5560E-07,8.45626463648E-03,3.773823956308E-05
9.5580E-07,8.50487711374E-03,6.015969438758E-05
9.5600E-07,8.48655404057E-03,8.890996112768E-05
9.5620E-07,8.36396009195E-03,1.278790760627E-04
9.5640E-07,8.32947112154E-03,1.616281001670E-04
9.5660E-07,8.48256122786E-03,1.902383717550E-04
9.5680E-07,8.52316409815E-03,2.140865740208E-04
9.5700E-07,8.55793921742E-03,2.339752801536E-04
9.5720E-07,8.48919317592E-03,2.599829546483E-04
9.5740E-07,8.44727318268E-03,2.931764456285E-04
9.5760E-07,8.33945024293E-03,3.147734228829E-04
9.5780E-07,8.24926678557E-03,3.356479302356E-04
9.5800E-07,8.21087184828E-03,3.649549373733E-04
9.5820E-07,8.23584386613E-03,3.860516385483E-04
9.5840E-07,8.31415505614E-03,3.928505863370E-04
9.5860E-07,8.33537174854E-03,4.032367112888E-04
9.5880E-07,8.37849524338E-03,4.220807720283E-04
9.5900E-07,8.37852132041E-03,4.370826572487E-04
9.5920E-07,8.28584028873E-03,4.454719172167E-04
9.5940E-07,8.24718760792E-03,4.557536962750E-04
9.5960E-07,8.30976177473E-03,4.650664232979E-04
9.5980E-07,8.33010372240E-03,4.655461271601E-04
9.6000E-07,8.36250327062E-03,4.666239101281E-04
9.6020E-07,8.22766103316E-03,4.688526063068E-04
9.6040E-07,8.17808067892E-03,4.685192461899E-04
9.6060E-07,8.45369348768E-03,4.770139968796E-04
9.6080E-07,8.53707386646E-03,4.853121701470E-04
9.6100E-07,8.51089695003E-03,4.967836408718E-04
9.6120E-07,8.44125893433E-03,5.045078596873E-04
9.6140E-07,8.38474721182E-03,5.066516234847E-04
9.6160E-07,8.28089752700E-03,5.047909444971E-04
9.6180E-07,8.44980288762E-03,5.062296675360E-04
9.6200E-07,8.57582503464E-03,5.041996025322E-04
9.6220E-07,8.37482280563E-03,4.905648226691E-04
9.6240E-07,8.37304863613E-03,4.710900517488E-04
9.6260E-07,8.54284247849E-03,4.547118956065E-04
9.6280E-07,8.48815428559E-03,4.457387038348E-04
9.6300E-07,8.44635885674E-03,4.351759006577E-04
9.6320E-07,8.41331297066E-03,4.277394292252E-04
9.6340E-07,8.45771680120E-03,4.216794438036E-04
9.6360E-07,8.36008113343E-03,4.151488784542E-04
9.6380E-07,8.33437174093E-03,4.080598519957E-04
9.6400E-07,8.47054763231E-03,4.060103804180E-04
9.6420E-07,8.54115655180E-03,4.067426680895E-04
9.6440E-07,8.46696250606E-03,4.005826593684E-04
9.6460E-07,8.34925660398E-03,3.912295788834E-04
9.6480E-07,8.28660676721E-03,3.801661318941E-04
9.6500E-07,8.32394907717E-03,3.722871531108E-04
9.6520E-07,8.36824650410E-03,3.679607291082E-04
9.6540E-07,8.44480820466E-03,3.674806366982E-04
9.6560E-07,8.43686169479E-03,3.632630338268E-04
9.6580E-07,8.34792783949E-03,3.525212350143E-04
9.6600E-07,8.26125220861E-03,3.386000885004E-04
9.6620E-07,8.28484354075E-03,3.249055347247E-04
9.6640E-07,8.27374077868E-03,3.156697262852E-04
9.6660E-07,8.16095668357E-03,3.051801296724E-04
9.6680E-07,8.18826492410E-03,2.888875650549E-04
9.6700E-07,8.23349460494E-03,2.664052816881E-04
9.6720E-07,8.34690850694E-03,2.489951148937E-04
9.6740E-07,8.29331065994E-03,2.386472896515E-04
9.6760E-07,8.27623276506E-03,2.191467011189E-04
9.6780E-07,8.46040669363E-03,1.953871848835E-04
9.6800E-07,8.46770919394E-03,1.738593483185E-04
9.6820E-07,8.34817138035E-03,1.499173603328E-04
9.6840E-07,8.43110961374E-03,1.385859541437E-04
9.6860E-07,8.55197037104E-03,1.225147784995E-04
9.6880E-07,8.41852418613E-03,1.068525285767E-04
9.6900E-07,8.34644261282E-03,8.977735935059E-05
9.6920E-07,8.42067786958E-03,7.535575636011E-05
9.6940E-07,8.33412703592E-03,5.900527730864E-05
9.6960E-07,8.39755173307E-03,4.726715873276E-05
9.6980E-07,8.52266630623E-03,3.661199219805E-05
9.7000E-07,8.56564102229E-03,2.492476644275E-05
9.7020E-07,8.31038995180E-03,1.223911860306E-05
9.7040E-07,8.41212390456E-03,-1.317091348575E-06
9.7060E-07,8.48546788562E-03,-1.204907932970E-05
9.7080E-07,8.44088221434E-03,-2.282385613489E-05
9.7100E-07,8.46017200034E-03,-3.012258737999E-05
9.7120E-07,8.55798205826E-03,-3.641179517563E-05
9.7140E-07,8.41511787381E-03,-4.049710446689E-05
9.7160E-07,8.33394566085E-03,-4.649528997670E-05
9.7180E-07,8.30241620075E-03,-5.716138441767E-05
9.7200E-07,8.29368551727E-03,-6.516641226317E-05
9.7220E-07,8.29490811098E-03,-7.441797076444E-05
9.7240E-07,8.40553991962E-03,-8.581929473858E-05
9.7260E-07,8.53304193821E-03,-9.444256454426E-05
9.7280E-07,8.56080489699E-03,-1.016277149478E-04
9.7300E-07,8.55576877016E-03,-1.109248931212E-04
9.7320E-07,8.42030627187E-03,-1.240214579897E-04
9.7340E-07,8.26216490473E-03,-1.407587918611E-04
9.7360E-07,8.40526191983E-03,-1.578300201027E-04
9.7380E-07,8.50609435234E-03,-1.671181992320E-04
9.7400E-07,8.46147492062E-03,-1.761622107746E-04
9.7420E-07,8.42538035009E-03,-1.862599916449E-04
9.7440E-07,8.40533083770E-03,-2.013854558738E-04
9.7460E-07,8.45573075581E-03,-2.089706578450E-04
9.7480E-07,8.41768320184E-03,-2.179709785776E-04
9.7500E-07,8.46760930959E-03,-2.315325657530E-04
9.7520E-07,8.41773326043E-03,-2.411536609447E-04
9.7540E-07,8.42384879012E-03,-2.546624194989E-04
9.7560E-07,8.40809081215E-03,-2.657764332062E-04
9.7580E-07,8.54783436749E-03,-2.725367274294E-04
9.7600E-07,8.50483823102E-03,-2.839511301992E-04
9.7620E-07,8.28979724552E-03,-2.967736301171E-04
9.7640E-07,8.27071561012E-03,-3.039606261225E-04
9.7660E-07,8.31024326850E-03,-3.151461395593E-04
9.7680E-07,8.24562252033E-03,-3.289273880580E-04
9.7700E-07,8.40165164787E-03,-3.392101246091E-04
9.7720E-07,8.46758509520E-03,-3.489866042202E-04
9.7740E-07,8.41095393058E-03,-3.595232775593E-04
9.7760E-07,8.25504540931E-03,-3.726771254716E-04
9.7780E-07,8.35664501879E-03,-3.844006596291E-04
9.7800E-07,8.35670765024E-03,-3.950147996815E-04
9.7820E-07,8.17070181016E-03,-4.071211644141E-04
9.7840E-07,8.29722244758E-03,-4.263367600897E-04
9.7860E-07,8.48082780372E-03,-4.460064501660E-04
9.7880E-07,8.41607899871E-03,-4.587178948028E-04
9.7900E-07,8.32768298220E-03,-4.678634075141E-04
9.7920E-07,8.34065444302E-03,-4.787992165582E-04
9.7940E-07,8.42578175012E-03,-4.912814318826E-04
9.7960E-07,8.39190628845E-03,-5.123788407696E-04
9.7980E-07,8.37672247086E-03,-5.314503684798E-04
9.8000E-07,8.48042989615E-03,-5.387807247387E-04
9.8020E-07,8.44509551767E-03,-5.474910570001E-04
9.8040E-07,8.37247983087E-03,-5.634587124148E-04
9.8060E-07,8.40715273749E-03,-5.798539022142E-04
9.8080E-07,8.35474721622E-03,-5.870595623897E-04
9.8100E-07,8.30112142954E-03,-5.962005790481E-04
9.8120E-07,8.30885862466E-03,-6.092291272404E-04
9.8140E-07,8.36927491706E-03,-6.236168918824E-04
9.8160E-07,8.32324429881E-03,-6.335357465008E-04
9.8180E-07,8.40150380041E-03,-6.406303860871E-04
9.8200E-07,8.38130830321E-03,-6.487317599049E-04
9.8220E-07,8.38339120615E-03,-6.608534930898E-04
9.8240E-07,8.36067880969E-03,-6.717030861573E-04
9.8260E-07,8.35992979351E-03,-6.791543293437E-04
9.8280E-07,8.43585237395E-03,-6.861719532097E-04
9.8300E-07,8.49807869177E-03,-6.948259807350E-04
9.8320E-07,8.43446027953E-03,-6.992158004707E-04
9.8340E-07,8.38308806065E-03,-7.043602840668E-04
9.8360E-07,8.48371234257E-03,-7.108263296699E-04
9.8380E-07,8.31779000815E-03,-7.124835969573E-04
9.8400E-07,8.16010941286E-03,-7.137009240845E-04
9.8420E-07,8.33657967392E-03,-7.142176787527E-04
9.8440E-07,8.55751011055E-03,-7.241091338145E-04
9.8460E-07,8.38792488444E-03,-7.293479096303E-04
9.8480E-07,8.37211661506E-03,-7.243261516252E-04
9.8500E-07,8.50511879194E-03,-7.204356296612E-04
9.8520E-07,8.57719431166E-03,-7.185782741448E-04
9.8540E-07,8.50207359996E-03,-7.161521818181E-04
9.8560E-07,8.63479055930E-03,-7.197346409010E-04
9.8580E-07,8.42836686876E-03,-7.198695086101E-04
9.8600E-07,8.27463857364E-03,-7.160465176376E-04
9.8620E-07,8.34336854983E-03,-7.118251125487E-04
9.8640E-07,8.35799566936E-03,-7.091712618405E-04
9.8660E-07,8.25521258172E-03,-7.028887911858E-04
9.8680E-07,8.18077499512E-03,-6.980924186455E-04
9.8700E-07,8.25940842274E-03,-6.916200591410E-04
9.8720E-07,8.36764067877E-03,-6.856294503128E-04
9.8740E-07,8.35112716537E-03,-6.762938267244E-04
9.8760E-07,8.28738977667E-03,-6.648025331246E-04
9.8780E-07,8.38312717620E-03,-6.587608857704E-04
9.8800E-07,8.34015246015E-03,-6.509047202924E-04
9.8820E-07,8.23525643442E-03,-6.372389121139E-04
9.8840E-07,8.31612736452E-03,-6.192753769616E-04
9.8860E-07,8.52480299305E-03,-6.075291821426E-04
9.8880E-07,8.52947986219E-03,-5.984704612913E-04
9.8900E-07,8.54902576189E-03,-5.888251928771E-04
9.8920E-07,8.54117680807E-03,-5.730941144908E-04
9.8940E-07,8.44468550291E-03,-5.532942331554E-04
9.8960E-07,8.30834267195E-03,-5.356186743518E-04
9.8980E-07,8.30634265672E-03,-5.212389928913E-04
9.9000E-07,8.34394596983E-03,-5.045447947616E-04
9.9020E-07,8.47913908306E-03,-4.878056777334E-04
9.9040E-07,8.48350000102E-03,-4.713445666404E-04
9.9060E-07,8.36111490149E-03,-4.492726729875E-04
9.9080E-07,8.37580651510E-03,-4.293980100816E-04
9.9100E-07,8.35070504341E-03,-4.170127235511E-04
9.9120E-07,8.27001246158E-03,-3.959702386679E-04
9.9140E-07,8.20281078573E-03,-3.715719221318E-04
9.9160E-07,8.19366869051E-03,-3.487555501210E-04
9.9180E-07,8.33451726008E-03,-3.296214592801E-04
9.9200E-07,8.36229186039E-03,-3.064713316662E-04
9.9220E-07,8.33172329236E-03,-2.825100828120E-04
9.9240E-07,8.38104892988E-03,-2.616833529593E-04
9.9260E-07,8.45645020250E-03,-2.390662296368E-04
9.9280E-07,8.32966343965E-03,-2.152209414793E-04
9.9300E-07,8.36704346817E-03,-1.973222521758E-04
9.9320E-07,8.38816237170E-03,-1.750514081838E-04
9.9340E-07,8.34558696020E-03,-1.535405567074E-04
9.9360E-07,8.27796665486E-03,-1.345567297814E-04
9.9380E-07,8.42828188557E-03,-1.098937636400E-04
9.9400E-07,8.50000233855E-03,-7.671423956472E-05
9.9420E-07,8.71564309578E-03,-5.406598385144E-05
9.9440E-07,8.53467966895E-03,-3.036044800374E-05
9.9460E-07,8.37181882467E-03,-6.861806909548E-06
9.9480E-07,8.29535002354E-03,1.456040710491E-05
9.9500E-07,8.34893296938E-03,3.154587036279E-05
9.9520E-07,8.33149116021E-03,5.334977012408E-05
9.9540E-07,8.25845079031E-03,7.680587911327E-05
9.9560E-07,8.39468232822E-03,1.001930139335E-04
9.9580E-07,8.47145334352E-03,1.187163215438E-04
9.9600E-07,8.45771633554E-03,1.427219827967E-04
9.9620E-07,8.38203846011E-03,1.604223184595E-04
9.9640E-07,8.43571779784E-03,1.760397813125E-04
9.9660E-07,8.52609147783E-03,1.911958853090E-04
9.9680E-07,8.38779170532E-03,2.097447538124E-04
9.9700E-07,8.27213983517E-03,2.290488204295E-04
9.9720E-07,8.46224954817E-03,2.408687838195E-04
9.9740E-07,8.45414843876E-03,2.543825171730E-04
9.9760E-07,8.43105280306E-03,2.696058607502E-04
9.9780E-07,8.40477693360E-03,2.854658676153E-04
9.9800E-07,8.39974755887E-03,2.918648748500E-04
9.9820E-07,8.31435924861E-03,3.028692001319E-04
9.9840E-07,8.26387225184E-03,3.172270396566E-04
9.9860E-07,8.26642361004E-03,3.294552904395E-04
9.9880E-07,8.28240533825E-03,3.411067559226E-04
9.9900E-07,8.29300891142E-03,3.566452048095E-04
9.9920E-07,8.49401253741E-03,3.695822222466E-04
9.9940E-07,8.38147431146E-03,3.773375942679E-04
9.9960E-07,8.33759178873E-03,3.880485590389E-04
9.9980E-07,8.35538540501E-03,3.943382039508E-04
1.0000E-06,8.31309893634E-03,4.037218340049E-04
1.0002E-06,8.34977022838E-03,4.113310426781E-04
1.0004E-06,8.50354276132E-03,4.190557679934E-04
1.0006E-06,8.59256206546E-03,4.214464885956E-04
1.0008E-06,8.37888174225E-03,4.196833142852E-04
1.0010E-06,8.24033610057E-03,4.252410531351E-04
1.0012E-06,8.39604205917E-03,4.332478016922E-04
1.0014E-06,8.43689266127E-03,4.337886879528E-04
1.0016E-06,8.45222525764E-03,4.327952684211E-04
1.0018E-06,8.59261002857E-03,4.322709093178E-04
1.0020E-06,8.68911437224E-03,4.322051476063E-04
1.0022E-06,8.44970579725E-03,4.304457200067E-04
1.0024E-06,8.30720529426E-03,4.354707459761E-04
1.0026E-06,8.28026888426E-03,4.393792521516E-04
1.0028E-06,8.49254803266E-03,4.316871370962E-04
1.0030E-06,8.68650853168E-03,4.267730623325E-04
1.0032E-06,8.54975242633E-03,4.276552600628E-04
1.0034E-06,8.29293859657E-03,4.263774929410E-04
1.0036E-06,8.22016854305E-03,4.240951910457E-04
1.0038E-06,8.29748717602E-03,4.242790504666E-04
1.0040E-06,8.42930680606E-03,4.259176952140E-04
1.0042E-06,8.35936401505E-03,4.245182571309E-04
1.0044E-06,8.39499036316E-03,4.161739091231E-04
1.0046E-06,8.36145157460E-03,4.116915109409E-04
1.0048E-06,8.42269255314E-03,4.053092112606E-04
1.0050E-06,8.48347508814E-03,4.000629003933E-04
1.0052E-06,8.53413647506E-03,3.960063436376E-04
1.0054E-06,8.44835211988E-03,3.872369451756E-04
1.0056E-06,8.36247928906E-03,3.798919559298E-04
1.0058E-06,8.25637696776E-03,3.830232208436E-04
1.0060E-06,8.33826886024E-03,3.827002821332E-04
1.0062E-06,8.47528666723E-03,3.678195405593E-04
1.0064E-06,8.38320051785E-03,3.616576584829E-04
1.0066E-06,8.41545803938E-03,3.588988859980E-04
1.0068E-06,8.45526183490E-03,3.500664525973E-04
1.0070E-06,8.38539727498E-03,3.389509402057E-04
1.0072E-06,8.32257537637E-03,3.352394277537E-04
1.0074E-06,8.51131674368E-03,3.295520665897E-04
1.0076E-06,8.59147171955E-03,3.265394960838E-04
1.0078E-06,8.43639323953E-03,3.200635494506E-04
1.0080E-06,8.37542024907E-03,3.076911543803E-04
1.0082E-06,8.43666774686E-03,2.974151272168E-04
1.0084E-06,8.42683996539E-03,2.920778684160E-04
1.0086E-06,8.26107991394E-03,2.851136906846E-04
1.0088E-06,8.27737456653E-03,2.821003638981E-04
1.0090E-06,8.35000887979E-03,2.759805976255E-04
1.0092E-06,8.39986606967E-03,2.667984989779E-04
1.0094E-06,8.50362541620E-03,2.706903045373E-04
1.0096E-06,8.51222478319E-03,2.727543882867E-04
1.0098E-06,8.49266328383E-03,2.686892071581E-04
1.0100E-06,8.43816647772E-03,2.701377410283E-04
1.0102E-06,8.56339932885E-03,2.672450513886E-04
1.0104E-06,8.49704608787E-03,2.644004237214E-04
1.0106E-06,8.30432494637E-03,2.681308501242E-04
1.0108E-06,8.33546604495E-03,2.696552618248E-04
1.0110E-06,8.43468775507E-03,2.703666164847E-04
1.0112E-06,8.43512384687E-03,2.739508448476E-04
1.0114E-06,8.33229256328E-03,2.730744267656E-04
1.0116E-06,8.46238784958E-03,2.689071963383E-04
1.0118E-06,8.49103230517E-03,2.706823323695E-04
1.0120E-06,8.36235262919E-03,2.723345415974E-04
1.0122E-06,8.32956611644E-03,2.818332373006E-04
1.0124E-06,8.47545058001E-03,2.873475004295E-04
1.0126E-06,8.50497746374E-03,2.881049257545E-04
1.0128E-06,8.49974226672E-03,2.896396547863E-04
1.0130E-06,8.44840823207E-03,2.964641287765E-04
1.0132E-06,8.41905946378E-03,3.043198501999E-04
1.0134E-06,8.37555785198E-03,3.062181836302E-04
1.0136E-06,8.43526354525E-03,3.058824575348E-04
1.0138E-06,8.36869447026E-03,3.119317370774E-04
1.0140E-06,8.26573070604E-03,3.181902704137E-04
1.0142E-06,8.37380277458E-03,3.226148929289E-04
1.0144E-06,8.43096502591E-03,3.307784898980E-04
1.0146E-06,8.40892760549E-03,3.416004336281E-04
1.0148E-06,8.35519867483E-03,3.420449808547E-04
1.0150E-06,8.39993638452E-03,3.480675407993E-04
1.0152E-06,8.42088974547E-03,3.601583289290E-04
1.0154E-06,8.39650562499E-03,3.714696416473E-04
1.0156E-06,8.40548171196E-03,3.763941031257E-04
1.0158E-06,8.38885038625E-03,3.898896094253E-04
1.0160E-06,8.36632658262E-03,3.938721755827E-04
1.0162E-06,8.44323194120E-03,3.948991767438E-04
1.0164E-06,8.48185225855E-03,4.005778857814E-04
1.0166E-06,8.44590646680E-03,4.075587086221E-04
1.0168E-06,8.31823797431E-03,4.181161068222E-04
1.0170E-06,8.29877356533E-03,4.299992924864E-04
1.0172E-06,8.36784161162E-03,4.316569760749E-04
1.0174E-06,8.41849624645E-03,4.291062292950E-04
1.0176E-06,8.37460138369E-03,4.328407007577E-04
1.0178E-06,8.36885605473E-03,4.439814479398E-04
1.0180E-06,8.35337677505E-03,4.446244320674E-04
1.0182E-06,8.39865698013E-03,4.442131958744E-04
1.0184E-06,8.42257404234E-03,4.474124080809E-04
1.0186E-06,8.37868965696E-03,4.523015047731E-04
1.0188E-06,8.46875087824E-03,4.537080962984E-04
1.0190E-06,8.42428045813E-03,4.528087816509E-04
1.0192E-06,8.32347945776E-03,4.471991786109E-04
1.0194E-06,8.31709547434E-03,4.455922976444E-04
1.0196E-06,8.33328675013E-03,4.508445477421E-04
1.0198E-06,8.36613612715E-03,4.511056796024E-04
1.0200E-06,8.38664035778E-03,4.411789638298E-04
1.0202E-06,8.32567574922E-03,4.325104975915E-04
1.0204E-06,8.31035013776E-03,4.324347932199E-04
1.0206E-06,8.41217768844E-03,4.266694449661E-04
1.0208E-06,8.46187003422E-03,4.215721838018E-04
1.0210E-06,8.47291877959E-03,4.127688359777E-04
1.0212E-06,8.45426741522E-03,4.025004548794E-04
1.0214E-06,8.44131923746E-03,3.929264641674E-04
1.0216E-06,8.41275603976E-03,3.850508713005E-04
1.0218E-06,8.51345389616E-03,3.730363911791E-04
1.0220E-06,8.64961674902E-03,3.627091867225E-04
1.0222E-06,8.56256835628E-03,3.529498656588E-04
1.0224E-06,8.32401915919E-03,3.374937403323E-04
1.0226E-06,8.31203629728E-03,3.251972300308E-04
1.0228E-06,8.44200562220E-03,3.105670948355E-04
1.0230E-06,8.64599390421E-03,2.949161613667E-04
1.0232E-06,8.55476992670E-03,2.823260060819E-04
1.0234E-06,8.39774684515E-03,2.698337162687E-04
1.0236E-06,8.37562164757E-03,2.526589192292E-04
1.0238E-06,8.30876805354E-03,2.333871853380E-04
1.0240E-06,8.36938271765E-03,2.139997197157E-04
1.0242E-06,8.48129509482E-03,1.987817394855E-04
1.0244E-06,8.36759993341E-03,1.846237245323E-04
1.0246E-06,8.39845837559E-03,1.748018542146E-04
1.0248E-06,8.39413657319E-03,1.611403408768E-04
1.0250E-06,8.27993779909E-03,1.366077463916E-04
1.0252E-06,8.49475503433E-03,1.122761351829E-04
1.0254E-06,8.65612552967E-03,9.662851130870E-05
1.0256E-06,8.40959047433E-03,8.238433588576E-05
1.0258E-06,8.19470478687E-03,6.799741078448E-05
1.0260E-06,8.23435375001E-03,4.639858792816E-05
1.0262E-06,8.36358220782E-03,2.879913592060E-05
1.0264E-06,8.35462614428E-03,1.179203193915E-05
1.0266E-06,8.38447433431E-03,-2.138273200945E-06
1.0268E-06,8.48762599286E-03,-1.424517912510E-05
1.0270E-06,8.67441204842E-03,-3.593544947635E-05
1.0272E-06,8.61292566638E-03,-5.331092450488E-05
1.0274E-06,8.59824033920E-03,-6.968491763528E-05
1.0276E-06,8.52776972111E-03,-9.069351560156E-05
1.0278E-06,8.52468308527E-03,-1.071862378316E-04
1.0280E-06,8.59000372235E-03,-1.151124876151E-04
1.0282E-06,8.50469899829E-03,-1.270164328320E-04
1.0284E-06,8.47319212276E-03,-1.445555003518E-04
1.0286E-06,8.51963112596E-03,-1.565108101973E-04
1.0288E-06,8.47879984882E-03,-1.643439750345E-04
1.0290E-06,8.41841266025E-03,-1.738125999151E-04
1.0292E-06,8.38304731529E-03,-1.867534542615E-04
1.0294E-06,8.31370266620E-03,-1.970097556869E-04
1.0296E-06,8.29922222998E-03,-2.097189037288E-04
1.0298E-06,8.24983908329E-03,-2.183313843952E-04
1.0300E-06,8.32137094345E-03,-2.223335305853E-04
1.0302E-06,8.44207523856E-03,-2.274533483358E-04
1.0304E-06,8.51415099110E-03,-2.340859213537E-04
1.0306E-06,8.47717818338E-03,-2.435553233297E-04
1.0308E-06,8.41789437923E-03,-2.525739613147E-04
1.0310E-06,8.40581000317E-03,-2.552963213222E-04
1.0312E-06,8.48494564649E-03,-2.570696048131E-04
1.0314E-06,8.34750059526E-03,-2.646392024280E-04
1.0316E-06,8.29067827668E-03,-2.637636863319E-04
1.0318E-06,8.26998056378E-03,-2.647133179167E-04
1.0320E-06,8.42923230026E-03,-2.678253844073E-04
1.0322E-06,8.49763584789E-03,-2.686047141133E-04
1.0324E-06,8.45374797005E-03,-2.669095981093E-04
1.0326E-06,8.42197892722E-03,-2.665363702150E-04
1.0328E-06,8.35053437855E-03,-2.656094756136E-04
1.0330E-06,8.36682181340E-03,-2.663299819613E-04
1.0332E-06,8.49045581650E-03,-2.682618345758E-04
1.0334E-06,8.32774118986E-03,-2.647915894790E-04
1.0336E-06,8.28493900131E-03,-2.567519531278E-04
1.0338E-06,8.36677873973E-03,-2.538012172254E-04
1.0340E-06,8.44972535502E-03,-2.561097877258E-04
1.0342E-06,8.43554527033E-03,-2.534404020449E-04
1.0344E-06,8.39162898715E-03,-2.468841439737E-04
1.0346E-06,8.34081928711E-03,-2.410171904759E-04
1.0348E-06,8.35118537303E-03,-2.345681091463E-04
1.0350E-06,8.51802785415E-03,-2.266928493204E-04
1.0352E-06,8.42556242365E-03,-2.260063409032E-04
1.0354E-06,8.41634978074E-03,-2.205986786326E-04
1.0356E-06,8.33582809660E-03,-2.151028923383E-04
1.0358E-06,8.32385315094E-03,-2.105175289949E-04
1.0360E-06,8.35290366318E-03,-2.028049666127E-04
1.0362E-06,8.35052110720E-03,-1.933230062174E-04
1.0364E-06,8.39051535819E-03,-1.801456581028E-04
1.0366E-06,8.54720851872E-03,-1.731216370752E-04
1.0368E-06,8.59818352852E-03,-1.658446575673E-04
1.0370E-06,8.39235937688E-03,-1.631074425457E-04
1.0372E-06,8.24428071733E-03,-1.521600880818E-04
1.0374E-06,8.40369101148E-03,-1.392407356920E-04
1.0376E-06,8.46877625678E-03,-1.292110686349E-04
1.0378E-06,8.35391601082E-03,-1.169631406823E-04
1.0380E-06,8.36183574516E-03,-1.086754235132E-04
1.0382E-06,8.46890198532E-03,-1.015785983456E-04
1.0384E-06,8.52998743299E-03,-8.976386647391E-05
1.0386E-06,8.36108719464E-03,-7.960326575394E-05
1.0388E-06,8.21281388868E-03,-6.938541668187E-05
1.0390E-06,8.48217286635E-03,-5.547094486374E-05
1.0392E-06,8.52893340867E-03,-4.326480661239E-05
1.0394E-06,8.35589576978E-03,-3.429389062058E-05
1.0396E-06,8.26861524489E-03,-1.902562120649E-05
1.0398E-06,8.19959609304E-03,-8.294902944000E-06
1.0400E-06,8.36434496101E-03,6.323492557747E-06
1.0402E-06,8.47771858331E-03,1.825123632607E-05
1.0404E-06,8.43132544774E-03,2.654461519141E-05
1.0406E-06,8.42900156509E-03,3.819492890780E-05
1.0408E-06,8.45107553992E-03,5.503000336048E-05
1.0410E-06,8.43658020254E-03,7.182734011021E-05
1.0412E-06,8.43912271317E-03,8.434971462284E-05
1.0414E-06,8.35475559812E-03,9.142661977839E-05
1.0416E-06,8.27457198407E-03,1.045139150070E-04
1.0418E-06,8.38650904130E-03,1.194086859310E-04
1.0420E-06,8.59972463455E-03,1.322507936349E-04
1.0422E-06,8.54098635260E-03,1.488189218873E-04
1.0424E-06,8.37823912967E-03,1.645052825874E-04
1.0426E-06,8.42006133404E-03,1.744041963788E-04
1.0428E-06,8.47556140739E-03,1.837395146797E-04
1.0430E-06,8.56981451157E-03,1.955015150672E-04
1.0432E-06,8.43454409856E-03,2.158603917649E-04
1.0434E-06,8.18860555533E-03,2.287824639892E-04
1.0436E-06,8.21182622109E-03,2.390615717815E-04
1.0438E-06,8.47640239168E-03,2.585651854361E-04
1.0440E-06,8.40108656790E-03,2.700453360407E-04
1.0442E-06,8.27131538186E-03,2.762300175456E-04
1.0444E-06,8.42782157939E-03,2.902918461086E-04
1.0446E-06,8.47215113696E-03,3.098632266587E-04
1.0448E-06,8.37179367896E-03,3.198971746797E-04
1.0450E-06,8.25519558508E-03,3.302832788164E-04
1.0452E-06,8.28847709577E-03,3.442292646347E-04
1.0454E-06,8.42072303872E-03,3.570924024871E-04
1.0456E-06,8.44704919960E-03,3.743745636037E-04
1.0458E-06,8.46702537034E-03,3.879534897236E-04
1.0460E-06,8.43504421879E-03,3.972919788519E-04
1.0462E-06,8.52257992607E-03,4.047432428533E-04
1.0464E-06,8.51232210640E-03,4.140619854285E-04
1.0466E-06,8.37109262589E-03,4.255158535512E-04
1.0468E-06,8.44223961700E-03,4.389910304761E-04
1.0470E-06,8.44578260090E-03,4.500644964473E-04
1.0472E-06,8.28225143719E-03,4.620271470705E-04
1.0474E-06,8.16929528024E-03,4.755038573714E-04
1.0476E-06,8.25286471750E-03,4.832494948832E-04
1.0478E-06,8.39756290894E-03,4.908589602755E-04
1.0480E-06,8.49052007776E-03,5.009359954698E-04
1.0482E-06,8.40078039560E-03,5.111137269838E-04
1.0484E-06,8.37192476261E-03,5.218958515050E-04
1.0486E-06,8.40079739224E-03,5.319029550375E-04
1.0488E-06,8.46483909059E-03,5.457476825295E-04
1.0490E-06,8.48291629460E-03,5.569845883483E-04
1.0492E-06,8.44076556619E-03,5.639731613295E-04
1.0494E-06,8.30786187667E-03,5.700372542562E-04
1.0496E-06,8.30919995438E-03,5.772386612212E-04
1.0498E-06,8.33907794673E-03,5.883583088713E-04
1.0500E-06,8.44906062353E-03,6.002888973644E-04
1.0502E-06,8.48576125223E-03,6.101692996295E-04
1.0504E-06,8.39171234053E-03,6.185018593753E-04
1.0506E-06,8.31637486350E-03,6.301301299436E-04
1.0508E-06,8.29246874433E-03,6.325331661226E-04
1.0510E-06,8.44092784915E-03,6.373759146156E-04
1.0512E-06,8.45987700391E-03,6.506476867786E-04
1.0514E-06,8.41784292366E-03,6.605154265491E-04
1.0516E-06,8.38586549740E-03,6.683786760857E-04
1.0518E-06,8.39840854984E-03,6.760277941665E-04
1.0520E-06,8.32519961055E-03,6.794717914732E-04
1.0522E-06,8.31345260609E-03,6.906769682029E-04
1.0524E-06,8.30694266129E-03,6.980054788599E-04
1.0526E-06,8.44446128700E-03,7.038053107290E-04
1.0528E-06,8.44990207348E-03,7.089248509454E-04
1.0530E-06,8.38113856967E-03,7.147551213699E-04
1.0532E-06,8.27114169020E-03,7.206565654213E-04
1.0534E-06,8.32638634834E-03,7.305817478178E-04
1.0536E-06,8.45043595415E-03,7.372124266652E-04
1.0538E-06,8.35560822394E-03,7.440356725669E-04
1.0540E-06,8.30002177041E-03,7.500090812175E-04
1.0542E-06,8.28318392392E-03,7.537171869380E-04
1.0544E-06,8.38811533991E-03,7.564071934046E-04
1.0546E-06,8.35770300124E-03,7.614105717121E-04
1.0548E-06,8.34307471756E-03,7.665298899012E-04
1.0550E-06,8.36641016882E-03,7.739855944486E-04
1.0552E-06,8.19427125621E-03,7.788762869621E-04
1.0554E-06,8.28244980890E-03,7.852697504526E-04
1.0556E-06,8.44302239362E-03,7.885874072863E-04
1.0558E-06,8.43683491927E-03,7.972746209549E-04
1.0560E-06,8.41769530903E-03,7.989569426356E-04
1.0562E-06,8.38584850076E-03,8.039350792142E-04
1.0564E-06,8.43187073711E-03,8.071538645150E-04
1.0566E-06,8.33514776546E-03,8.041507995529E-04
1.0568E-06,8.38154532481E-03,8.078992448589E-04
1.0570E-06,8.42505927663E-03,8.095361758331E-04
1.0572E-06,8.40093988459E-03,8.070372516131E-04
1.0574E-06,8.54858035687E-03,8.067463125875E-04
1.0576E-06,8.40012544300E-03,8.065282956539E-04
1.0578E-06,8.17575819325E-03,8.046258061500E-04
1.0580E-06,8.21460272651E-03,8.014739551423E-04
1.0582E-06,8.45690608490E-03,7.989760161685E-04
1.0584E-06,8.58622790780E-03,8.040360600064E-04
1.0586E-06,8.57180754188E-03,8.006389659671E-04
1.0588E-06,8.49943935405E-03,7.955206815926E-04
1.0590E-06,8.36556382943E-03,7.898325710865E-04
1.0592E-06,8.28019530978E-03,7.880512252292E-04
1.0594E-06,8.37080903817E-03,7.854730372625E-04
1.0596E-06,8.43038225081E-03,7.803236274356E-04
1.0598E-06,8.44330924097E-03,7.773865947807E-04
1.0600E-06,8.46150006633E-03,7.762969194753E-04
1.0602E-06,8.20746344048E-03,7.738488533842E-04
1.0604E-06,8.25314062182E-03,7.741612735512E-04
1.0606E-06,8.41447898652E-03,7.676335529266E-04
1.0608E-06,8.39345042128E-03,7.566733208792E-04
1.0610E-06,8.22255622130E-03,7.500695836572E-04
1.0612E-06,8.26886716764E-03,7.470503523322E-04
1.0614E-06,8.31860840786E-03,7.429967860067E-04
1.0616E-06,8.31968734506E-03,7.416492398670E-04
1.0618E-06,8.36915384512E-03,7.344531338038E-04
1.0620E-06,8.52151356172E-03,7.299073260119E-04
1.0622E-06,8.55617156718E-03,7.267409738461E-04
1.0624E-06,8.36254518013E-03,7.086063250275E-04
1.0626E-06,8.32173928153E-03,6.926297607673E-04
1.0628E-06,8.35774351377E-03,6.861661852179E-04
1.0630E-06,8.26699264813E-03,6.805659836466E-04
1.0632E-06,8.36805418599E-03,6.755454051616E-04
1.0634E-06,8.50287756417E-03,6.694407714373E-04
1.0636E-06,8.29876332078E-03,6.533231573952E-04
1.0638E-06,8.30081479158E-03,6.373808408463E-04
1.0640E-06,8.22319441009E-03,6.264172159443E-04
1.0642E-06,8.28102395404E-03,6.216776823932E-04
1.0644E-06,8.33330910187E-03,6.157196213799E-04
1.0646E-06,8.34078087006E-03,6.055867740726E-04
1.0648E-06,8.32062681671E-03,5.913727388559E-04
1.0650E-06,8.33891449962E-03,5.779812384704E-04
1.0652E-06,8.22127122898E-03,5.649927315144E-04
1.0654E-06,8.20038236212E-03,5.517610769095E-04
1.0656E-06,8.10054108966E-03,5.430378878797E-04
1.0658E-06,8.11296074185E-03,5.366615621215E-04
1.0660E-06,8.22969876695E-03,5.217128732549E-04
1.0662E-06,8.35501939524E-03,5.091057606349E-04
1.0664E-06,8.38517515454E-03,4.969641074380E-04
1.0666E-06,8.41697306838E-03,4.889058485469E-04
1.0668E-06,8.43092707451E-03,4.751079549389E-04
1.0670E-06,8.43675738666E-03,4.552485702867E-04
1.0672E-06,8.38283054996E-03,4.396202974795E-04
1.0674E-06,8.43850547913E-03,4.298454275662E-04
1.0676E-06,8.47073552664E-03,4.147097223280E-04
1.0678E-06,8.49719603080E-03,3.963267151574E-04
1.0680E-06,8.52374570910E-03,3.826442202395E-04
1.0682E-06,8.52219668683E-03,3.615208688499E-04
1.0684E-06,8.28833832871E-03,3.414246018818E-04
1.0686E-06,8.38806760963E-03,3.333126817672E-04
1.0688E-06,8.56229524594E-03,3.240510071470E-04
1.0690E-06,8.41456839349E-03,3.080247712163E-04
1.0692E-06,8.29267642926E-03,2.927714955835E-04
1.0694E-06,8.37639068719E-03,2.779651470324E-04
1.0696E-06,8.37689965498E-03,2.616716804290E-04
1.0698E-06,8.46071891952E-03,2.396573473541E-04
1.0700E-06,8.31619674805E-03,2.262445045943E-04
1.0702E-06,8.09867565054E-03,2.148166344808E-04
1.0704E-06,8.39415496681E-03,1.969641129794E-04
1.0706E-06,8.54759152513E-03,1.785560861072E-04
1.0708E-06,8.46796158235E-03,1.669964219751E-04
1.0710E-06,8.37689127307E-03,1.542732376447E-04
1.0712E-06,8.34560279269E-03,1.366557875490E-04
1.0714E-06,8.27367139514E-03,1.183146880316E-04
1.0716E-06,8.31280533690E-03,1.029622910852E-04
1.0718E-06,8.41765293386E-03,9.156760711503E-05
1.0720E-06,8.50594790187E-03,7.800341805723E-05
1.0722E-06,8.47951533738E-03,6.495685096179E-05
1.0724E-06,8.45519338269E-03,4.670477051568E-05
1.0726E-06,8.46426935401E-03,2.702977259923E-05
1.0728E-06,8.47330481280E-03,1.307981110458E-05
1.0730E-06,8.42926978599E-03,2.930575407116E-06
1.0732E-06,8.53528456297E-03,-1.031314499396E-05
1.0734E-06,8.56485452037E-03,-2.407440409716E-05
1.0736E-06,8.54316029232E-03,-3.472408239450E-05
1.0738E-06,8.51366204675E-03,-4.698909951094E-05
1.0740E-06,8.46592268441E-03,-6.101724930759E-05
1.0742E-06,8.26879522297E-03,-7.680272438283E-05
1.0744E-06,8.39687396306E-03,-8.837271278444E-05
1.0746E-06,8.40291661676E-03,-9.829199064243E-05
1.0748E-06,8.26121984515E-03,-1.157838079771E-04
1.0750E-06,8.27021758538E-03,-1.301686168807E-04
1.0752E-06,8.46121158916E-03,-1.406709939400E-04
1.0754E-06,8.46440975089E-03,-1.550351543045E-04
1.0756E-06,8.42443016823E-03,-1.695506887203E-04
1.0758E-06,8.36620737333E-03,-1.816163461348E-04
1.0760E-06,8.39943114202E-03,-1.932225527400E-04
1.0762E-06,8.46027141902E-03,-2.050944080735E-04
1.0764E-06,8.40776438359E-03,-2.179264482269E-04
1.0766E-06,8.40476831887E-03,-2.263350384468E-04
1.0768E-06,8.28271314036E-03,-2.303723551491E-04
1.0770E-06,8.37767963763E-03,-2.461690356648E-04
1.0772E-06,8.34901003633E-03,-2.646874517361E-04
1.0774E-06,8.37107632775E-03,-2.777285791626E-04
1.0776E-06,8.22505565826E-03,-2.900968806045E-04
1.0778E-06,8.20611558389E-03,-3.006486934302E-04
1.0780E-06,8.38961616624E-03,-3.100734332269E-04
1.0782E-06,8.49298994522E-03,-3.166569520878E-04
1.0784E-06,8.44601333607E-03,-3.269287607325E-04
1.0786E-06,8.33357825410E-03,-3.382478860365E-04
1.0788E-06,8.20529019926E-03,-3.480795255555E-04
1.0790E-06,8.29493209254E-03,-3.536437864574E-04
1.0792E-06,8.31902051810E-03,-3.565199905699E-04
1.0794E-06,8.32053182181E-03,-3.632384604001E-04
1.0796E-06,8.40086724143E-03,-3.729924458703E-04
1.0798E-06,8.39462086093E-03,-3.854186339928E-04
1.0800E-06,8.30494101625E-03,-3.982672776254E-04
1.0802E-06,8.29312602524E-03,-4.033505094396E-04
1.0804E-06,8.39775383007E-03,-4.073341232883E-04
1.0806E-06,8.28912250232E-03,-4.094524580212E-04
1.0808E-06,8.40850548353E-03,-4.182219258668E-04
1.0810E-06,8.46774272155E-03,-4.240953181563E-04
1.0812E-06,8.39075261261E-03,-4.269919418422E-04
1.0814E-06,8.37710198481E-03,-4.326570794610E-04
1.0816E-06,8.34105561022E-03,-4.415319894599E-04
1.0818E-06,8.14124640543E-03,-4.449313384639E-04
1.0820E-06,8.20405875798E-03,-4.486137375859E-04
1.0822E-06,8.35226850118E-03,-4.519127233112E-04
1.0824E-06,8.45813123975E-03,-4.507785245934E-04
1.0826E-06,8.59022072051E-03,-4.527160389041E-04
1.0828E-06,8.53216393385E-03,-4.527307135211E-04
1.0830E-06,8.38569739368E-03,-4.547538887402E-04
1.0832E-06,8.33380363416E-03,-4.618702453719E-04
1.0834E-06,8.39173934888E-03,-4.667103781057E-04
1.0836E-06,8.54809816461E-03,-4.628467353219E-04
1.0838E-06,8.53822009172E-03,-4.639873936465E-04
1.0840E-06,8.21454917546E-03,-4.651075977059E-04
1.0842E-06,8.06923118886E-03,-4.651737826569E-04
1.0844E-06,8.08084198739E-03,-4.600516821882E-04
1.0846E-06,8.30397127662E-03,-4.587240213687E-04
1.0848E-06,8.41738098767E-03,-4.599771365216E-04
1.0850E-06,8.39418383781E-03,-4.590748730740E-04
1.0852E-06,8.31211965065E-03,-4.560491127586E-04
1.0854E-06,8.34266493563E-03,-4.552039172659E-04
1.0856E-06,8.47630995791E-03,-4.608788657160E-04
1.0858E-06,8.54596869554E-03,-4.636984181749E-04
1.0860E-06,8.53969763499E-03,-4.581238607569E-04
1.0862E-06,8.58186396304E-03,-4.560458656093E-04
1.0864E-06,8.33940204698E-03,-4.582580207540E-04
1.0866E-06,8.31840607803E-03,-4.530691525126E-04
1.0868E-06,8.49088632036E-03,-4.494359393762E-04
1.0870E-06,8.51471094880E-03,-4.495750602959E-04
1.0872E-06,8.43594410922E-03,-4.445920529934E-04
1.0874E-06,8.34536833223E-03,-4.428271857249E-04
1.0876E-06,8.39102549013E-03,-4.365589664476E-04
1.0878E-06,8.40779814403E-03,-4.284791431548E-04
1.0880E-06,8.37004884612E-03,-4.275787600009E-04
1.0882E-06,8.33375287708E-03,-4.341525929207E-04
1.0884E-06,8.39930448215E-03,-4.326052569011E-04
1.0886E-06,8.48735148553E-03,-4.267668477884E-04
1.0888E-06,8.49514688831E-03,-4.236179386424E-04
1.0890E-06,8.45201012213E-03,-4.155724532595E-04
1.0892E-06,8.59569387045E-03,-4.145978089115E-04
1.0894E-06,8.54605833534E-03,-4.136143389782E-04
1.0896E-06,8.56245636474E-03,-4.061004979694E-04
1.0898E-06,8.53433694225E-03,-3.988395460574E-04
1.0900E-06,8.35896261502E-03,-3.974263422815E-04
1.0902E-06,8.40590942185E-03,-3.970960836085E-04
1.0904E-06,8.27187720220E-03,-3.919148336789E-04
1.0906E-06,8.24576152023E-03,-3.858185606701E-04
1.0908E-06,8.34048424382E-03,-3.894951870823E-04
1.0910E-06,8.46152614336E-03,-3.930601684535E-04
1.0912E-06,8.42964464333E-03,-3.895899164183E-04
1.0914E-06,8.32647156436E-03,-3.906088274596E-04
1.0916E-06,8.30454823095E-03,-3.872217246490E-04
1.0918E-06,8.35758914705E-03,-3.867903741701E-04
1.0920E-06,8.40956346597E-03,-3.906185897225E-04
1.0922E-06,8.32211507019E-03,-3.892198315980E-04
1.0924E-06,8.12696829904E-03,-3.783760875622E-04
1.0926E-06,8.28452270012E-03,-3.735405410798E-04
1.0928E-06,8.49781605881E-03,-3.758064754000E-04
1.0930E-06,8.47122004721E-03,-3.771780421184E-04
1.0932E-06,8.42649677303E-03,-3.739834716702E-04
1.0934E-06,8.30899133813E-03,-3.710641179392E-04
1.0936E-06,8.32780451979E-03,-3.701246371651E-04
1.0938E-06,8.40196201112E-03,-3.690234164400E-04
1.0940E-06,8.39911030140E-03,-3.730080294115E-04
1.0942E-06,8.22323305998E-03,-3.774912116276E-04
1.0944E-06,8.10671831947E-03,-3.765755502200E-04
1.0946E-06,8.12574454117E-03,-3.741726666847E-04
1.0948E-06,8.21474265773E-03,-3.762817525929E-04
1.0950E-06,8.34057365078E-03,-3.761326196296E-04
1.0952E-06,8.47376721445E-03,-3.743681964157E-04
1.0954E-06,8.35121959913E-03,-3.755843925914E-04
1.0956E-06,8.32646946888E-03,-3.821978365695E-04
1.0958E-06,8.39354867581E-03,-3.849908151356E-04
1.0960E-06,8.35389226209E-03,-3.835161236739E-04
1.0962E-06,8.35545106325E-03,-3.831338204136E-04
1.0964E-06,8.31380650867E-03,-3.906633767923E-04
1.0966E-06,8.24993663933E-03,-3.927031763056E-04
1.0968E-06,8.25813483912E-03,-3.947622783175E-04
1.0970E-06,8.41187384445E-03,-3.976960083162E-04
1.0972E-06,8.63436913583E-03,-4.005388458883E-04
1.0974E-06,8.59779353719E-03,-4.044736484224E-04
1.0976E-06,8.43893225770E-03,-4.058517510695E-04
1.0978E-06,8.19892204832E-03,-4.092618614593E-04
1.0980E-06,8.13612250145E-03,-4.099727096194E-04
1.0982E-06,8.27402925584E-03,-4.168243680773E-04
1.0984E-06,8.39290676173E-03,-4.245961770574E-04
1.0986E-06,8.33361387718E-03,-4.289803142818E-04
1.0988E-06,8.35157094058E-03,-4.317517978297E-04
1.0990E-06,8.53249641601E-03,-4.374442517450E-04
1.0992E-06,8.44661450479E-03,-4.378090495402E-04
1.0994E-06,8.13451643567E-03,-4.410132296076E-04
1.0996E-06,8.15192471724E-03,-4.393787825638E-04
1.0998E-06,8.36757595185E-03,-4.436668999186E-04
1.1000E-06,8.50092877168E-03,-4.507245303290E-04
1.1002E-06,8.37087818887E-03,-4.483824822744E-04
1.1004E-06,8.37509382050E-03,-4.465312255705E-04
1.1006E-06,8.58642488252E-03,-4.508675783565E-04
1.1008E-06,8.33717828151E-03,-4.562931901468E-04
1.1010E-06,8.38564011734E-03,-4.611900022877E-04
1.1012E-06,8.41309457552E-03,-4.577258976335E-04
1.1014E-06,8.30653567333E-03,-4.543537539123E-04
1.1016E-06,8.26558448840E-03,-4.617359257927E-04
1.1018E-06,8.49737926852E-03,-4.706416628947E-04
1.1020E-06,8.56181188952E-03,-4.690274758423E-04
1.1022E-06,8.48566253204E-03,-4.633005799418E-04
1.1024E-06,8.40216806624E-03,-4.596058166744E-04
1.1026E-06,8.38913723361E-03,-4.627120202566E-04
1.1028E-06,8.58527539763E-03,-4.677754569491E-04
1.1030E-06,8.45362387132E-03,-4.675896617277E-04
1.1032E-06,8.33997550886E-03,-4.665051624337E-04
1.1034E-06,8.51664111484E-03,-4.677059485270E-04
1.1036E-06,8.68371526245E-03,-4.595429274412E-04
1.1038E-06,8.54365668725E-03,-4.560258970289E-04
1.1040E-06,8.23899918701E-03,-4.621900757002E-04
1.1042E-06,8.23429461103E-03,-4.649113047561E-04
1.1044E-06,8.40524119791E-03,-4.583201259533E-04
1.1046E-06,8.43210170511E-03,-4.552181478282E-04
1.1048E-06,8.34055851679E-03,-4.548944736524E-04
1.1050E-06,8.28279044013E-03,-4.520637990134E-04
1.1052E-06,8.28680607024E-03,-4.435755495606E-04
1.1054E-06,8.38239864912E-03,-4.430211682031E-04
1.1056E-06,8.47810484934E-03,-4.474097043434E-04
1.1058E-06,8.39163434226E-03,-4.440302337212E-04
1.1060E-06,8.35316257086E-03,-4.417628562236E-04
1.1062E-06,8.32364756148E-03,-4.328673323775E-04
1.1064E-06,8.38487270754E-03,-4.301620615339E-04
1.1066E-06,8.37117993738E-03,-4.288999612136E-04
1.1068E-06,8.45899527427E-03,-4.223627211684E-04
1.1070E-06,8.38277862873E-03,-4.168946119649E-04
1.1072E-06,8.29263871070E-03,-4.094469142770E-04
1.1074E-06,8.22670829017E-03,-4.024298593560E-04
1.1076E-06,8.29628507141E-03,-3.986244779238E-04
1.1078E-06,8.25835765805E-03,-3.897033168627E-04
1.1080E-06,8.27875618357E-03,-3.803781979410E-04
1.1082E-06,8.41521310154E-03,-3.790657598684E-04
1.1084E-06,8.50591111462E-03,-3.744152523270E-04
1.1086E-06,8.36280758027E-03,-3.662303407369E-04
1.1088E-06,8.46127515193E-03,-3.592178720673E-04
1.1090E-06,8.46269029658E-03,-3.534128711251E-04
1.1092E-06,8.34634691942E-03,-3.475737681771E-04
1.1094E-06,8.20317539852E-03,-3.385379716447E-04
1.1096E-06,8.19965243805E-03,-3.278709266493E-04
1.1098E-06,8.33015587646E-03,-3.175639821840E-04
1.1100E-06,8.29675259534E-03,-3.085897565978E-04
1.1102E-06,8.27668888029E-03,-3.085960843759E-04
1.1104E-06,8.39174703229E-03,-3.012953548850E-04
1.1106E-06,8.53432087693E-03,-2.867793902913E-04
1.1108E-06,8.59040232841E-03,-2.742373594241E-04
1.1110E-06,8.58854224440E-03,-2.656502384385E-04
1.1112E-06,8.46868987661E-03,-2.535664025387E-04
1.1114E-06,8.48490001168E-03,-2.425772028668E-04
1.1116E-06,8.40556995477E-03,-2.362254874473E-04
1.1118E-06,8.38066778611E-03,-2.254185028067E-04
1.1120E-06,8.22098135482E-03,-2.131746754209E-04
1.1122E-06,8.21731264237E-03,-2.021046786262E-04
1.1124E-06,8.30366789829E-03,-1.872603911599E-04
1.1126E-06,8.19812204223E-03,-1.743200086215E-04
1.1128E-06,8.22143351193E-03,-1.685845438549E-04
1.1130E-06,8.35695771035E-03,-1.618831631886E-04
1.1132E-06,8.54882622603E-03,-1.504966734135E-04
1.1134E-06,8.54373608250E-03,-1.344701946406E-04
1.1136E-06,8.45945837442E-03,-1.230488535175E-04
1.1138E-06,8.46499951091E-03,-1.122055119062E-04
1.1140E-06,8.40129658114E-03,-9.627220133971E-05
1.1142E-06,8.32666178699E-03,-7.705234551522E-05
1.1144E-06,8.40478787664E-03,-6.802659571822E-05
1.1146E-06,8.43023440335E-03,-6.176706325914E-05
1.1148E-06,8.40104768518E-03,-5.425339570920E-05
1.1150E-06,8.37753714528E-03,-4.065191300306E-05
1.1152E-06,8.29397026915E-03,-2.328391751926E-05
1.1154E-06,8.22046912741E-03,-9.856670738191E-06
1.1156E-06,8.45236798283E-03,-8.146019345092E-07
1.1158E-06,8.45100056846E-03,8.049074870540E-06
1.1160E-06,8.37454014923E-03,2.056221443508E-05
1.1162E-06,8.41089479159E-03,3.158596710582E-05
1.1164E-06,8.56808760669E-03,4.544057481271E-05
1.1166E-06,8.46651547123E-03,6.129695985746E-05
1.1168E-06,8.41330877971E-03,7.338963521925E-05
1.1170E-06,8.45362270716E-03,8.215643179883E-05
1.1172E-06,8.28904427122E-03,9.913136957493E-05
1.1174E-06,8.26501195785E-03,1.122846138505E-04
1.1176E-06,8.32491951529E-03,1.187047830625E-04
1.1178E-06,8.45916966442E-03,1.310293173725E-04
1.1180E-06,8.47027475480E-03,1.531907643499E-04
1.1182E-06,8.43024907168E-03,1.666979132062E-04
1.1184E-06,8.45584111754E-03,1.732573421048E-04
1.1186E-06,8.44569738489E-03,1.834082360687E-04
1.1188E-06,8.29214813653E-03,1.960000149282E-04
1.1190E-06,8.35394930560E-03,2.055633622063E-04
1.1192E-06,8.41139235068E-03,2.171530832844E-04
1.1194E-06,8.36202410515E-03,2.308682717225E-04
1.1196E-06,8.23130459990E-03,2.412990380386E-04
1.1198E-06,8.29461683985E-03,2.507864311645E-04
1.1200E-06,8.43943051528E-03,2.668135066358E-04
1.1202E-06,8.62715837080E-03,2.772143964032E-04
1.1204E-06,8.51689350326E-03,2.811379379900E-04
1.1206E-06,8.32199004013E-03,2.903215491986E-04
1.1208E-06,8.38578493800E-03,3.076024405966E-04
1.1210E-06,8.35728087928E-03,3.147884513559E-04
1.1212E-06,8.32774444949E-03,3.229155248338E-04
1.1214E-06,8.46775832120E-03,3.270875080330E-04
1.1216E-06,8.31875462551E-03,3.300918288371E-04
1.1218E-06,8.31788430456E-03,3.392614315106E-04
1.1220E-06,8.36325554643E-03,3.527908663573E-04
1.1222E-06,8.32570275757E-03,3.543698065756E-04
1.1224E-06,8.28754460905E-03,3.604262048686E-04
1.1226E-06,8.36761669721E-03,3.619697594857E-04
1.1228E-06,8.42896664049E-03,3.695629266864E-04
1.1230E-06,8.40982004534E-03,3.743433271376E-04
1.1232E-06,8.46807240974E-03,3.851225999957E-04
1.1234E-06,8.42256077099E-03,3.888847832410E-04
1.1236E-06,8.47969880793E-03,3.889649628503E-04
1.1238E-06,8.55514641385E-03,3.905230602557E-04
1.1240E-06,8.48085178528E-03,3.988016673671E-04
1.1242E-06,8.26954656746E-03,4.041662979713E-04
1.1244E-06,8.37536111008E-03,4.078563292818E-04
1.1246E-06,8.40549614746E-03,4.102590532350E-04
1.1248E-06,8.31237948965E-03,4.129481577156E-04
1.1250E-06,8.28521187883E-03,4.170733625377E-04
1.1252E-06,8.42105598654E-03,4.142142198356E-04
1.1254E-06,8.46794994082E-03,4.164157662382E-04
1.1256E-06,8.39616778772E-03,4.226926237652E-04
1.1258E-06,8.33176357206E-03,4.246638029656E-04
1.1260E-06,8.33419641945E-03,4.188063966418E-04
1.1262E-06,8.35662499536E-03,4.113104982143E-04
1.1264E-06,8.30087858718E-03,4.114519226672E-04
1.1266E-06,8.20877544116E-03,4.090682583703E-04
1.1268E-06,8.25371478218E-03,4.075602489365E-04
1.1270E-06,8.30489631276E-03,4.105559731210E-04
1.1272E-06,8.29713653307E-03,4.158806318725E-04
1.1274E-06,8.41287897434E-03,4.111861976171E-04
1.1276E-06,8.44996610191E-03,3.990385496831E-04
1.1278E-06,8.52753921877E-03,3.935976596391E-04
1.1280E-06,8.42473960016E-03,3.917714989586E-04
1.1282E-06,8.20488274563E-03,3.911262737429E-04
1.1284E-06,8.33983790595E-03,3.827163305441E-04
1.1286E-06,8.46768614370E-03,3.839153057272E-04
1.1288E-06,8.42621132266E-03,3.854718281264E-04
1.1290E-06,8.42664252501E-03,3.806451349827E-04
1.1292E-06,8.34901399445E-03,3.679488367708E-04
1.1294E-06,8.34283606615E-03,3.629953452228E-04
1.1296E-06,8.34532525856E-03,3.614693723926E-04
1.1298E-06,8.17412209231E-03,3.576272246270E-04
1.1300E-06,8.00171635579E-03,3.443608574411E-04
1.1302E-06,8.13658862840E-03,3.394969747244E-04
1.1304E-06,8.35012226831E-03,3.334933495456E-04
1.1306E-06,8.34249450359E-03,3.271052840939E-04
1.1308E-06,8.33711518440E-03,3.157284663832E-04
1.1310E-06,8.31934368703E-03,3.129419404855E-04
1.1312E-06,8.43566424679E-03,3.071642489014E-04
1.1314E-06,8.50276603829E-03,2.979137797216E-04
1.1316E-06,8.44915724825E-03,2.999401535215E-04
1.1318E-06,8.33687676582E-03,2.961153655155E-04
1.1320E-06,8.35277537350E-03,2.808305273140E-04
1.1322E-06,8.33137264941E-03,2.729684919892E-04
1.1324E-06,8.37101812009E-03,2.707331002997E-04
1.1326E-06,8.45306787174E-03,2.673544067731E-04
1.1328E-06,8.43926823232E-03,2.584240038255E-04
1.1330E-06,8.36730097886E-03,2.493983650422E-04
1.1332E-06,8.50302727427E-03,2.396933712838E-04
1.1334E-06,8.60809652600E-03,2.337245280696E-04
1.1336E-06,8.40554131661E-03,2.260976682259E-04
1.1338E-06,8.36216124240E-03,2.131525814841E-04
1.1340E-06,8.54604296852E-03,2.033446156262E-04
1.1342E-06,8.56097742449E-03,1.914509599870E-04
1.1344E-06,8.32706528250E-03,1.845320411334E-04
1.1346E-06,8.21555383969E-03,1.794602853553E-04
1.1348E-06,8.10102141928E-03,1.681575623183E-04
1.1350E-06,8.29478890169E-03,1.553816326270E-04
1.1352E-06,8.39497080538E-03,1.538710282492E-04
1.1354E-06,8.31775554921E-03,1.524399096454E-04
1.1356E-06,8.32064264920E-03,1.444626907194E-04
1.1358E-06,8.45335471909E-03,1.317952213651E-04
1.1360E-06,8.34569266532E-03,1.180708118556E-04
1.1362E-06,8.32928136457E-03,1.098298800020E-04
1.1364E-06,8.48794217687E-03,1.036866065888E-04
1.1366E-06,8.63100426737E-03,9.786102649104E-05
1.1368E-06,8.53177696932E-03,8.520807217155E-05
1.1370E-06,8.34369334858E-03,7.456220996846E-05
1.1372E-06,8.24254030827E-03,6.615114275646E-05
1.1374E-06,8.31811364274E-03,5.372387918924E-05
1.1376E-06,8.34408613387E-03,4.515558889416E-05
1.1378E-06,8.32570718136E-03,4.188079026808E-05
1.1380E-06,8.17527250852E-03,3.846187510808E-05
1.1382E-06,8.29258073587E-03,2.992441191618E-05
1.1384E-06,8.46446888987E-03,1.726900141966E-05
1.1386E-06,8.39261129964E-03,5.652435853152E-06
1.1388E-06,8.29924318474E-03,6.785251480297E-08
1.1390E-06,8.37042579893E-03,-1.005905556212E-05
1.1392E-06,8.45525228884E-03,-1.698111748974E-05
1.1394E-06,8.42200803105E-03,-2.677741303760E-05
1.1396E-06,8.37721281219E-03,-3.309475585538E-05
1.1398E-06,8.57678988483E-03,-4.041423277650E-05
1.1400E-06,8.53899495210E-03,-4.626299391221E-05
1.1402E-06,8.28852412756E-03,-5.447994681726E-05
1.1404E-06,8.21016846690E-03,-6.440163228381E-05
1.1406E-06,8.37577904109E-03,-7.488425585161E-05
1.1408E-06,8.40122812893E-03,-8.037895976286E-05
1.1410E-06,8.34841375705E-03,-8.328730232734E-05
1.1412E-06,8.31568289082E-03,-8.946828569006E-05
1.1414E-06,8.43373710755E-03,-9.928961481619E-05
1.1416E-06,8.50777003448E-03,-1.020809143009E-04
1.1418E-06,8.40112894308E-03,-1.057978317300E-04
1.1420E-06,8.43785588164E-03,-1.143177894568E-04
1.1422E-06,8.47674604971E-03,-1.228665760411E-04
1.1424E-06,8.39490794111E-03,-1.241889984040E-04
1.1426E-06,8.24622252490E-03,-1.274547147257E-04
1.1428E-06,8.32227199804E-03,-1.291470345734E-04
1.1430E-06,8.43422907870E-03,-1.358995578410E-04
1.1432E-06,8.31742236856E-03,-1.442207941944E-04
1.1434E-06,8.19147496018E-03,-1.477423137212E-04
1.1436E-06,8.30180222634E-03,-1.485453587184E-04
1.1438E-06,8.40961096343E-03,-1.504061070895E-04
1.1440E-06,8.34323071409E-03,-1.528793663410E-04
1.1442E-06,8.24647654313E-03,-1.535103401793E-04
1.1444E-06,8.39375752490E-03,-1.520652963007E-04
1.1446E-06,8.51386647206E-03,-1.527947878158E-04
1.1448E-06,8.36582250427E-03,-1.616414517788E-04
1.1450E-06,8.27709260862E-03,-1.665272527533E-04
1.1452E-06,8.43331056181E-03,-1.661196245039E-04
1.1454E-06,8.53890344966E-03,-1.623083524099E-04
1.1456E-06,8.46265513915E-03,-1.580645988854E-04
1.1458E-06,8.22390477639E-03,-1.569331408171E-04
1.1460E-06,8.08020938653E-03,-1.619495632285E-04
1.1462E-06,8.25753064360E-03,-1.627366153216E-04
1.1464E-06,8.47661124077E-03,-1.573424897781E-04
1.1466E-06,8.34229333792E-03,-1.565634584213E-04
1.1468E-06,8.18910008762E-03,-1.559742395924E-04
1.1470E-06,8.27449677978E-03,-1.532091046376E-04
1.1472E-06,8.43971549999E-03,-1.474715722417E-04
1.1474E-06,8.49015546497E-03,-1.462887842366E-04
1.1476E-06,8.35050154943E-03,-1.483904391685E-04
1.1478E-06,8.38449459057E-03,-1.509573800648E-04
1.1480E-06,8.44937610906E-03,-1.456382442424E-04
1.1482E-06,8.45119218808E-03,-1.394554915996E-04
1.1484E-06,8.39268324431E-03,-1.344241239754E-04
1.1486E-06,8.36609701160E-03,-1.399166700588E-04
1.1488E-06,8.26677890960E-03,-1.361786600361E-04
1.1490E-06,8.32845225464E-03,-1.306677411934E-04
1.1492E-06,8.38881778996E-03,-1.279841041351E-04
1.1494E-06,8.36872497108E-03,-1.281285884017E-04
1.1496E-06,8.32153718453E-03,-1.275351996226E-04
1.1498E-06,8.36056192871E-03,-1.221204116633E-04
1.1500E-06,8.35916913580E-03,-1.122818407295E-04
1.1502E-06,8.43644329812E-03,-1.138153624879E-04
1.1504E-06,8.43286981340E-03,-1.173868589727E-04
1.1506E-06,8.44287128653E-03,-1.149222934777E-04
1.1508E-06,8.39629468042E-03,-1.092346686562E-04
1.1510E-06,8.45384971704E-03,-1.081254271949E-04
1.1512E-06,8.40077946428E-03,-1.073354471167E-04
1.1514E-06,8.42433657031E-03,-1.001242085053E-04
1.1516E-06,8.39240151923E-03,-9.593778659310E-05
1.1518E-06,8.47385103349E-03,-9.917790732998E-05
1.1520E-06,8.42756360304E-03,-9.573656741250E-05
1.1522E-06,8.35327223409E-03,-8.678923488315E-05
1.1524E-06,8.33382854704E-03,-8.125803523417E-05
1.1526E-06,8.35014299024E-03,-7.806639277096E-05
1.1528E-06,8.30272633117E-03,-7.305213512573E-05
1.1530E-06,8.41922034975E-03,-6.971904739458E-05
1.1532E-06,8.33387488034E-03,-6.597464714851E-05
1.1534E-06,8.19916768465E-03,-6.260359274875E-05
1.1536E-06,8.15795083996E-03,-5.577020991314E-05
1.1538E-06,8.30012002494E-03,-4.785578308347E-05
1.1540E-06,8.39299267623E-03,-5.392089594807E-05
1.1542E-06,8.51478568744E-03,-5.422573943342E-05
1.1544E-06,8.44522729982E-03,-4.365570649225E-05
1.1546E-06,8.32042984199E-03,-3.509617239888E-05
1.1548E-06,8.32922175992E-03,-2.974824934918E-05
1.1550E-06,8.43001740519E-03,-2.597175228129E-05
1.1552E-06,8.32539518829E-03,-1.888276051450E-05
1.1554E-06,8.26988067944E-03,-1.648784914705E-05
1.1556E-06,8.37589312810E-03,-1.476533358637E-05
1.1558E-06,8.50931463297E-03,-1.551586218830E-05
1.1560E-06,8.38106988463E-03,-1.219532593805E-05
1.1562E-06,8.45024573151E-03,-5.613139240997E-06
1.1564E-06,8.53396441322E-03,-4.826316113577E-06
1.1566E-06,8.45139335375E-03,-1.422554316925E-06
1.1568E-06,8.27873476315E-03,6.290889236151E-06
1.1570E-06,8.35936075542E-03,1.359218073358E-05
1.1572E-06,8.35924643557E-03,1.691667184514E-05
1.1574E-06,8.37471570354E-03,2.101481015143E-05
1.1576E-06,8.46674085129E-03,2.569731737767E-05
1.1578E-06,8.39520317037E-03,3.227554921341E-05
1.1580E-06,8.37725472171E-03,3.783116492723E-05
1.1582E-06,8.28285027761E-03,4.333778892924E-05
1.1584E-06,8.22316530626E-03,5.304404546787E-05
1.1586E-06,8.23319751304E-03,6.243691740838E-05
1.1588E-06,8.19250453729E-03,6.750329596271E-05
1.1590E-06,8.17943808157E-03,7.204841685761E-05
1.1592E-06,8.30364042427E-03,7.756791844313E-05
1.1594E-06,8.30603415612E-03,8.286280472112E-05
1.1596E-06,8.27388839330E-03,8.923461361137E-05
1.1598E-06,8.38339725975E-03,9.212508991641E-05
1.1600E-06,8.51495821495E-03,9.863874649909E-05
1.1602E-06,8.30113283824E-03,1.049564848030E-04
1.1604E-06,8.23196816724E-03,1.052135369117E-04
1.1606E-06,8.40430777986E-03,1.111983105848E-04
1.1608E-06,8.33533426281E-03,1.193322183406E-04
1.1610E-06,8.36882089730E-03,1.242370442795E-04
1.1612E-06,8.38796190452E-03,1.310720784431E-04
1.1614E-06,8.39595381636E-03,1.320013667764E-04
1.1616E-06,8.25083699543E-03,1.384792977786E-04
1.1618E-06,8.29462289344E-03,1.392488513449E-04
1.1620E-06,8.47032411490E-03,1.374584231833E-04
1.1622E-06,8.55646726210E-03,1.446057526236E-04
1.1624E-06,8.44865805935E-03,1.569195602397E-04
1.1626E-06,8.31704401877E-03,1.656960080685E-04
1.1628E-06,8.27818318736E-03,1.673698996501E-04
1.1630E-06,8.27134378720E-03,1.697099980274E-04
1.1632E-06,8.39177567046E-03,1.783119254587E-04
1.1634E-06,8.53710506577E-03,1.854073005105E-04
1.1636E-06,8.48523202818E-03,1.850556370178E-04
1.1638E-06,8.35156674962E-03,1.872086288249E-04
1.1640E-06,8.47090013791E-03,1.907332220422E-04
1.1642E-06,8.48300802987E-03,2.001949224463E-04
1.1644E-06,8.26427761000E-03,2.096330810180E-04
1.1646E-06,8.09536247048E-03,2.128274502540E-04
1.1648E-06,8.20864598732E-03,2.147604962653E-04
1.1650E-06,8.14026642125E-03,2.206475293571E-04
1.1652E-06,8.06052192580E-03,2.254075379884E-04
1.1654E-06,8.23601546232E-03,2.321947946521E-04
1.1656E-06,8.52661138866E-03,2.399734101566E-04
1.1658E-06,8.51283386815E-03,2.428375970414E-04
1.1660E-06,8.28426891472E-03,2.468050028971E-04
1.1662E-06,8.11975078192E-03,2.513198656337E-04
1.1664E-06,8.20696681272E-03,2.528686587075E-04
1.1666E-06,8.27410655562E-03,2.572604836272E-04
1.1668E-06,8.34291336592E-03,2.633071959792E-04
1.1670E-06,8.41091225389E-03,2.722180813393E-04
1.1672E-06,8.40933948290E-03,2.833959972793E-04
1.1674E-06,8.49294547457E-03,2.839155966723E-04
1.1676E-06,8.31576461438E-03,2.824302340234E-04
1.1678E-06,8.27312284615E-03,2.914414340938E-04
1.1680E-06,8.30688072834E-03,2.950619847355E-04
1.1682E-06,8.33872031886E-03,2.987097059684E-04
1.1684E-06,8.36595335510E-03,3.031186616821E-04
1.1686E-06,8.33667024504E-03,3.073092951747E-04
1.1688E-06,8.29698589165E-03,3.046027199207E-04
1.1690E-06,8.14272138756E-03,3.058505411102E-04
1.1692E-06,8.19761121180E-03,3.086844628984E-04
1.1694E-06,8.42114748899E-03,3.140718998695E-04
1.1696E-06,8.56314973440E-03,3.180071950266E-04
1.1698E-06,8.37568288203E-03,3.169007774750E-04
1.1700E-06,8.27912312467E-03,3.197067446383E-04
1.1702E-06,8.41237186920E-03,3.258725399459E-04
1.1704E-06,8.50583591033E-03,3.340416737208E-04
1.1706E-06,8.39565625880E-03,3.388174879206E-04
1.1708E-06,8.42719130684E-03,3.412431223160E-04
1.1710E-06,8.38963083457E-03,3.441575567545E-04
1.1712E-06,8.37587333750E-03,3.471321814070E-04
1.1714E-06,8.27244926710E-03,3.523966707597E-04
1.1716E-06,8.35867017973E-03,3.607635476003E-04
1.1718E-06,8.41553836595E-03,3.612193696508E-04
1.1720E-06,8.53565220255E-03,3.578591043903E-04
1.1722E-06,8.47498561721E-03,3.600837624474E-04
1.1724E-06,8.40768172871E-03,3.642822917858E-04
1.1726E-06,8.47897796426E-03,3.624270038987E-04
1.1728E-06,8.48178008106E-03,3.632693685433E-04
1.1730E-06,8.38877494912E-03,3.704495302709E-04
1.1732E-06,8.39632983785E-03,3.743987368262E-04
1.1734E-06,8.34268449340E-03,3.731672693351E-04
1.1736E-06,8.30789703410E-03,3.789878746336E-04
1.1738E-06,8.41615140904E-03,3.810290965093E-04
1.1740E-06,8.42182269785E-03,3.778719792916E-04
1.1742E-06,8.34270591382E-03,3.724402756272E-04
1.1744E-06,8.15931662451E-03,3.811733518103E-04
1.1746E-06,8.19881913718E-03,3.841327120857E-04
1.1748E-06,8.29105592798E-03,3.821812447468E-04
1.1750E-06,8.28521374147E-03,3.771204168750E-04
1.1752E-06,8.30926281866E-03,3.782248431193E-04
1.1754E-06,8.34908687044E-03,3.756473004194E-04
1.1756E-06,8.35066057276E-03,3.719655951327E-04
1.1758E-06,8.44406826887E-03,3.734513393911E-04
1.1760E-06,8.54403317440E-03,3.769843141390E-04
1.1762E-06,8.52133684326E-03,3.782613596721E-04
1.1764E-06,8.46323791426E-03,3.787215945153E-04
1.1766E-06,8.35968369152E-03,3.748437766759E-04
1.1768E-06,8.35213019978E-03,3.652585666468E-04
1.1770E-06,8.43885216396E-03,3.609320385689E-04
1.1772E-06,8.33130070474E-03,3.615036201039E-04
1.1774E-06,8.43852573540E-03,3.596044540713E-04
1.1776E-06,8.36198196281E-03,3.541217049426E-04
1.1778E-06,8.33536639344E-03,3.503124657860E-04
1.1780E-06,8.31378858071E-03,3.514102797797E-04
1.1782E-06,8.27604370657E-03,3.505328695132E-04
1.1784E-06,8.30517617520E-03,3.507611899013E-04
1.1786E-06,8.31040229183E-03,3.487340528825E-04
1.1788E-06,8.27680948656E-03,3.487915232619E-04
1.1790E-06,8.24138151016E-03,3.447727180859E-04
1.1792E-06,8.26834888663E-03,3.391566485008E-04
1.1794E-06,8.37944519240E-03,3.326995603116E-04
1.1796E-06,8.45768047962E-03,3.283793322584E-04
1.1798E-06,8.40162068140E-03,3.176801488111E-04
1.1800E-06,8.25839141849E-03,3.103975631138E-04
1.1802E-06,8.36089650635E-03,3.112742032232E-04
1.1804E-06,8.39566557202E-03,3.139043247635E-04
1.1806E-06,8.45811726991E-03,3.116956596105E-04
1.1808E-06,8.41064752545E-03,3.086918314295E-04
1.1810E-06,8.48334493581E-03,3.038478062796E-04
1.1812E-06,8.40580092277E-03,2.953506479813E-04
1.1814E-06,8.50207918789E-03,2.861349815810E-04
1.1816E-06,8.49601627793E-03,2.812470366554E-04
1.1818E-06,8.46904214937E-03,2.769485117709E-04
1.1820E-06,8.41594302561E-03,2.742365939850E-04
1.1822E-06,8.49387051072E-03,2.676248499034E-04
1.1824E-06,8.34526053164E-03,2.621160403201E-04
1.1826E-06,8.32041377667E-03,2.565359530347E-04
1.1828E-06,8.45620596316E-03,2.514636213733E-04
1.1830E-06,8.35434209090E-03,2.449389466858E-04
1.1832E-06,8.28860096168E-03,2.371676233905E-04
1.1834E-06,8.30396871548E-03,2.319256836856E-04
1.1836E-06,8.35192577448E-03,2.266285008127E-04
1.1838E-06,8.27403973322E-03,2.154806487570E-04
1.1840E-06,8.33520154934E-03,2.072690175688E-04
1.1842E-06,8.28090521041E-03,2.025737160193E-04
1.1844E-06,8.16743868869E-03,1.958952874253E-04
1.1846E-06,8.17936241161E-03,1.847749181865E-04
1.1848E-06,8.26221985277E-03,1.796147608506E-04
1.1850E-06,8.23456539307E-03,1.760727176750E-04
1.1852E-06,8.40594923589E-03,1.685280842548E-04
1.1854E-06,8.46519485582E-03,1.586131498059E-04
1.1856E-06,8.51511025336E-03,1.531403988442E-04
1.1858E-06,8.49608496297E-03,1.484001575811E-04
1.1860E-06,8.37880537379E-03,1.385761918807E-04
1.1862E-06,8.43127189670E-03,1.255854438366E-04
1.1864E-06,8.45874358434E-03,1.168582930071E-04
1.1866E-06,8.25194200966E-03,1.063550972221E-04
1.1868E-06,8.23412697296E-03,1.020445828633E-04
1.1870E-06,8.51198915858E-03,9.630503140670E-05
1.1872E-06,8.57298240531E-03,8.411346369703E-05
1.1874E-06,8.37865775917E-03,7.586360218283E-05
1.1876E-06,8.30122177955E-03,7.496942885500E-05
1.1878E-06,8.39149045292E-03,6.396894048248E-05
1.1880E-06,8.35342101287E-03,4.667800928746E-05
1.1882E-06,8.31641374621E-03,3.356722079497E-05
1.1884E-06,8.34750967566E-03,2.404052883667E-05
1.1886E-06,8.44147383701E-03,1.986443813239E-05
1.1888E-06,8.42547581065E-03,1.700204134267E-05
1.1890E-06,8.21044716518E-03,1.508098480572E-05
1.1892E-06,8.17384525668E-03,5.008334650664E-06
1.1894E-06,8.30939460080E-03,-4.943872631521E-06
1.1896E-06,8.43352220487E-03,-1.226311364862E-05
1.1898E-06,8.39256170671E-03,-1.555537610966E-05
1.1900E-06,8.31725310068E-03,-2.832807252835E-05
1.1902E-06,8.30681227613E-03,-4.147054154146E-05
1.1904E-06,8.45172793139E-03,-4.942679970245E-05
1.1906E-06,8.48399430048E-03,-5.799830245505E-05
1.1908E-06,8.38164078537E-03,-6.536641029361E-05
1.1910E-06,8.33989937324E-03,-7.336386145744E-05
1.1912E-06,8.31618184689E-03,-8.387788107339E-05
1.1914E-06,8.38204241823E-03,-8.952058699633E-05
1.1916E-06,8.25995790306E-03,-9.483465782087E-05
1.1918E-06,8.36675336119E-03,-1.005306225428E-04
1.1920E-06,8.42620131094E-03,-1.088253821405E-04
1.1922E-06,8.39844068047E-03,-1.148537217332E-04
1.1924E-06,8.40354595799E-03,-1.250553628122E-04
1.1926E-06,8.32047338132E-03,-1.303114498192E-04
1.1928E-06,8.22610153351E-03,-1.332273413120E-04
1.1930E-06,8.33381085191E-03,-1.415089041619E-04
1.1932E-06,8.43180647585E-03,-1.551543899039E-04
1.1934E-06,8.49765168037E-03,-1.554317713873E-04
1.1936E-06,8.47199397627E-03,-1.525229292614E-04
1.1938E-06,8.30457733478E-03,-1.620733295726E-04
1.1940E-06,8.23970652651E-03,-1.697236479884E-04
1.1942E-06,8.30046182033E-03,-1.718475056505E-04
1.1944E-06,8.34227843676E-03,-1.735658026924E-04
1.1946E-06,8.33454519976E-03,-1.798323983950E-04
1.1948E-06,8.34204630460E-03,-1.847150354804E-04
1.1950E-06,8.28459161799E-03,-1.891994596617E-04
1.1952E-06,8.13155320007E-03,-1.979758519838E-04
1.1954E-06,8.12343276571E-03,-2.035207340652E-04
1.1956E-06,8.29635678325E-03,-2.037819838775E-04
1.1958E-06,8.47925503272E-03,-2.100420644665E-04
1.1960E-06,8.43101415317E-03,-2.145927499207E-04
1.1962E-06,8.33437639754E-03,-2.149705224363E-04
1.1964E-06,8.36459106300E-03,-2.195116260247E-04
1.1966E-06,8.39027461130E-03,-2.268993624644E-04
1.1968E-06,8.42356706504E-03,-2.338476721821E-04
1.1970E-06,8.54849886615E-03,-2.367536487682E-04
1.1972E-06,8.64973386284E-03,-2.365909582628E-04
1.1974E-06,8.43976323027E-03,-2.366261426518E-04
1.1976E-06,8.18802208174E-03,-2.394521755325E-04
1.1978E-06,8.33791565616E-03,-2.382915625041E-04
1.1980E-06,8.50682124961E-03,-2.383360928548E-04
1.1982E-06,8.53418257553E-03,-2.426584371058E-04
1.1984E-06,8.46882910933E-03,-2.445462034242E-04
1.1986E-06,8.38137349579E-03,-2.438636845602E-04
1.1988E-06,8.31315435003E-03,-2.437047754573E-04
1.1990E-06,8.27539271209E-03,-2.427890169127E-04
1.1992E-06,8.33494473714E-03,-2.414251517663E-04
1.1994E-06,8.20195047650E-03,-2.384694826947E-04
1.1996E-06,8.28978816513E-03,-2.421251552803E-04
1.1998E-06,8.48405716475E-03,-2.423356649158E-04
1.2000E-06,8.27139454428E-03,-2.389224600205E-04
1.2002E-06,8.32785225008E-03,-2.350754068391E-04
1.2004E-06,8.56014575343E-03,-2.252268169234E-04
1.2006E-06,8.50731717888E-03,-2.255896581029E-04
1.2008E-06,8.40900979470E-03,-2.278040473973E-04
1.2010E-06,8.38921616319E-03,-2.272132813157E-04
1.2012E-06,8.32455886062E-03,-2.229078666465E-04
1.2014E-06,8.36727746297E-03,-2.231114934357E-04
1.2016E-06,8.35556561593E-03,-2.193420387963E-04
1.2018E-06,8.25503353495E-03,-2.193132723840E-04
1.2020E-06,8.41351297218E-03,-2.175252518309E-04
1.2022E-06,8.48384226207E-03,-2.146178390058E-04
1.2024E-06,8.31164397765E-03,-2.075248091174E-04
1.2026E-06,8.21817644406E-03,-1.997357444530E-04
1.2028E-06,8.19617138710E-03,-1.957783783944E-04
1.2030E-06,8.24793383013E-03,-1.942262271577E-04
1.2032E-06,8.33195146639E-03,-1.862758319052E-04
1.2034E-06,8.37190846447E-03,-1.779139437405E-04
1.2036E-06,8.34629150573E-03,-1.747001540540E-04
1.2038E-06,8.37706170510E-03,-1.802226668848E-04
1.2040E-06,8.50149292033E-03,-1.753433047021E-04
1.2042E-06,8.53230875451E-03,-1.665525083588E-04
1.2044E-06,8.37993925903E-03,-1.645083584981E-04
1.2046E-06,8.43850245234E-03,-1.620993483970E-04
1.2048E-06,8.32402870525E-03,-1.601901217522E-04
1.2050E-06,8.22543563787E-03,-1.588297535358E-04
1.2052E-06,8.22728221770E-03,-1.511710466510E-04
1.2054E-06,8.26126361731E-03,-1.477961345268E-04
1.2056E-06,8.39631051291E-03,-1.445991009632E-04
1.2058E-06,8.51767534856E-03,-1.437026102254E-04
1.2060E-06,8.43195222784E-03,-1.352313111694E-04
1.2062E-06,8.32746691536E-03,-1.280941811083E-04
1.2064E-06,8.39154563378E-03,-1.267862113351E-04
1.2066E-06,8.31082371529E-03,-1.190152141424E-04
1.2068E-06,8.37994787376E-03,-1.110965271639E-04
1.2070E-06,8.50547758397E-03,-1.122730637127E-04
1.2072E-06,8.44364568125E-03,-1.153205063818E-04
1.2074E-06,8.19409430493E-03,-1.078398168245E-04
1.2076E-06,8.22467963677E-03,-1.019392955741E-04
1.2078E-06,8.50331109483E-03,-1.007738256985E-04
1.2080E-06,8.45897804480E-03,-9.219259537476E-05
1.2082E-06,8.53360306006E-03,-8.200593420024E-05
1.2084E-06,8.53980939370E-03,-8.223839678522E-05
1.2086E-06,8.45907094423E-03,-8.153241241071E-05
1.2088E-06,8.27143272851E-03,-7.473105007503E-05
1.2090E-06,8.19947199430E-03,-6.400124767515E-05
1.2092E-06,8.18798063788E-03,-5.966864159982E-05
1.2094E-06,8.23409740347E-03,-6.045194004382E-05
1.2096E-06,8.26343243476E-03,-5.828311491478E-05
1.2098E-06,8.32774514798E-03,-5.741451635677E-05
1.2100E-06,8.24911497999E-03,-5.182146822754E-05
1.2102E-06,8.12947798055E-03,-3.843723229784E-05
1.2104E-06,8.22814485524E-03,-3.469430992100E-05
1.2106E-06,8.28201907221E-03,-3.223810514155E-05
1.2108E-06,8.20030715782E-03,-2.921153303887E-05
1.2110E-06,8.13798165414E-03,-2.834566819201E-05
1.2112E-06,8.23063055519E-03,-2.502064282726E-05
1.2114E-06,8.30027043354E-03,-1.811722425464E-05
1.2116E-06,8.37197505403E-03,-2.253891878481E-05
1.2118E-06,8.52281741332E-03,-1.732189470622E-05
1.2120E-06,8.48472143058E-03,-8.531223253340E-06
1.2122E-06,8.28463073354E-03,-8.361060141579E-06
1.2124E-06,8.21293612476E-03,-9.184358191670E-06
1.2126E-06,8.30937597435E-03,-5.198766912327E-06
1.2128E-06,8.31321977544E-03,-2.097038567992E-06
1.2130E-06,8.37082976010E-03,-1.087799591007E-06
1.2132E-06,8.33649771754E-03,5.780851310179E-07
1.2134E-06,8.33795034792E-03,4.106175278320E-06
1.2136E-06,8.41046754736E-03,7.814863820567E-06
1.2138E-06,8.37481884751E-03,1.086788492557E-05
1.2140E-06,8.23553280439E-03,1.538079104666E-05
1.2142E-06,8.30834569875E-03,1.425139366929E-05
1.2144E-06,8.27882370446E-03,1.110449664575E-05
1.2146E-06,8.29715935048E-03,1.432586995233E-05
1.2148E-06,8.34891434293E-03,1.883903279249E-05
1.2150E-06,8.38393160608E-03,1.909928348195E-05
1.2152E-06,8.35759799462E-03,1.845371134859E-05
1.2154E-06,8.39205180760E-03,1.974074811023E-05
1.2156E-06,8.35624757688E-03,1.853380075936E-05
1.2158E-06,8.38553813752E-03,1.638017062378E-05
1.2160E-06,8.54350930545E-03,2.300348787848E-05
1.2162E-06,8.56519235764E-03,2.148702753057E-05
1.2164E-06,8.43274967279E-03,1.385219551903E-05
1.2166E-06,8.45272514503E-03,1.010386816506E-05
1.2168E-06,8.43764819670E-03,1.209825615679E-05
1.2170E-06,8.25881074648E-03,1.599751350750E-05
1.2172E-06,8.34342279937E-03,1.496324095224E-05
1.2174E-06,8.54374516290E-03,1.171030507703E-05
1.2176E-06,8.44741637353E-03,1.201879119781E-05
1.2178E-06,8.31040322315E-03,1.335627672542E-05
1.2180E-06,8.30726559739E-03,1.078780245316E-05
1.2182E-06,8.45998759847E-03,4.612793012528E-06
1.2184E-06,8.55527447071E-03,9.370463418781E-06
1.2186E-06,8.46396201756E-03,5.152201403871E-06
1.2188E-06,8.37928477209E-03,2.239515846658E-07
1.2190E-06,8.26133858878E-03,-2.064962561237E-06
1.2192E-06,8.25198019389E-03,-9.850564571031E-07
1.2194E-06,8.27340573538E-03,5.307239322062E-07
1.2196E-06,8.22761074174E-03,-2.125624583097E-06
1.2198E-06,8.23034231085E-03,-7.726284085767E-06
1.2200E-06,8.26003031339E-03,-9.105580129655E-06
1.2202E-06,8.33720948081E-03,-9.003371248947E-06
1.2204E-06,8.41684547719E-03,-1.277503922302E-05
1.2206E-06,8.47123192157E-03,-1.454313976410E-05
1.2208E-06,8.41460192110E-03,-1.478657882381E-05
1.2210E-06,8.28989317175E-03,-1.639415362570E-05
1.2212E-06,8.42383854557E-03,-1.674238263349E-05
1.2214E-06,8.37478485424E-03,-1.936665514204E-05
1.2216E-06,8.30330747645E-03,-2.255966446083E-05
1.2218E-06,8.30888353754E-03,-1.780975807178E-05
1.2220E-06,8.36292865220E-03,-1.960051927436E-05
1.2222E-06,8.33298453595E-03,-2.741368777770E-05
1.2224E-06,8.27218570281E-03,-3.208486467320E-05
1.2226E-06,8.26473721769E-03,-3.168888591881E-05
1.2228E-06,8.28689198475E-03,-3.161297339666E-05
1.2230E-06,8.27176218387E-03,-3.507031315658E-05
1.2232E-06,8.43741536606E-03,-3.706606106553E-05
1.2234E-06,8.42419431079E-03,-3.930266002844E-05
1.2236E-06,8.31974252593E-03,-3.505424393061E-05
1.2238E-06,8.35140772629E-03,-3.864885900821E-05
1.2240E-06,8.37495738175E-03,-4.003403183724E-05
1.2242E-06,8.22055993136E-03,-4.121985884103E-05
1.2244E-06,8.17922923248E-03,-4.289801750984E-05
1.2246E-06,8.35876843426E-03,-4.648386944737E-05
1.2248E-06,8.40306213591E-03,-3.968504654895E-05
1.2250E-06,8.32819520961E-03,-3.592482685763E-05
1.2252E-06,8.32529250998E-03,-3.516715175192E-05
1.2254E-06,8.33929890301E-03,-3.254195644240E-05
1.2256E-06,8.25188193936E-03,-3.467534046340E-05
1.2258E-06,8.42992497142E-03,-3.838188505451E-05
1.2260E-06,8.53973698337E-03,-3.763598433416E-05
1.2262E-06,8.23218144011E-03,-3.797420129831E-05
1.2264E-06,8.14370998647E-03,-3.424045142438E-05
1.2266E-06,8.33097986411E-03,-3.066939899418E-05
1.2268E-06,8.35949393455E-03,-2.959389874432E-05
1.2270E-06,8.40035361703E-03,-2.963366244640E-05
1.2272E-06,8.37022393476E-03,-3.339000359829E-05
1.2274E-06,8.22453621309E-03,-3.327602033223E-05
1.2276E-06,8.34426634479E-03,-2.787424872349E-05
1.2278E-06,8.40301277582E-03,-2.661409808043E-05
1.2280E-06,8.20706367027E-03,-3.051733804587E-05
1.2282E-06,8.17835658323E-03,-2.786808746587E-05
1.2284E-06,8.26892933343E-03,-2.245767066907E-05
1.2286E-06,8.27279013116E-03,-1.760407753009E-05
1.2288E-06,8.31932645757E-03,-2.276181338075E-05
1.2290E-06,8.38949020486E-03,-1.891471163090E-05
1.2292E-06,8.40666728560E-03,-1.681751806009E-05
1.2294E-06,8.26454303693E-03,-1.684040074888E-05
1.2296E-06,8.21304904763E-03,-1.341748215909E-05
1.2298E-06,8.07084051426E-03,-1.253080225270E-05
1.2300E-06,8.05550000165E-03,-8.797225837590E-06
1.2302E-06,8.11805461068E-03,-7.954812624486E-06
1.2304E-06,8.14903039951E-03,-4.906121051864E-06
1.2306E-06,8.12785165850E-03,-4.972715365694E-06
1.2308E-06,8.24911847245E-03,-5.718102647916E-06
1.2310E-06,8.23955355678E-03,-4.868084999726E-06
1.2312E-06,8.08811096009E-03,1.391787438659E-06
1.2314E-06,8.08826951776E-03,6.629605761735E-06
1.2316E-06,8.15922745038E-03,3.720159999101E-06
1.2318E-06,8.04915327113E-03,1.317304217263E-06
1.2320E-06,7.94445771258E-03,2.986894019886E-06
1.2322E-06,7.98597933259E-03,9.708978732122E-06
1.2324E-06,7.99955312628E-03,1.094031439443E-05
1.2326E-06,8.10780726839E-03,1.297393877339E-05
1.2328E-06,8.10355205554E-03,1.300130363834E-05
1.2330E-06,7.90256309789E-03,1.474610518944E-05
1.2332E-06,7.87263784092E-03,1.746018774156E-05
1.2334E-06,8.15230562817E-03,1.985031858367E-05
1.2336E-06,8.18790985737E-03,1.805169622694E-05
1.2338E-06,8.13817490358E-03,1.752450627555E-05
1.2340E-06,8.30736757722E-03,2.181871550438E-05
1.2342E-06,8.31250614952E-03,2.204772972782E-05
1.2344E-06,8.10084423516E-03,2.270391060319E-05
1.2346E-06,8.16510502715E-03,2.663407831733E-05
1.2348E-06,8.44658027869E-03,2.605277614948E-05
1.2350E-06,8.34143791813E-03,3.028593480867E-05
1.2352E-06,8.16109638195E-03,3.534587457125E-05
1.2354E-06,8.09210959356E-03,3.531180031878E-05
1.2356E-06,8.10235693585E-03,3.793272160274E-05
1.2358E-06,8.24421878438E-03,3.369336699416E-05
1.2360E-06,8.30978482496E-03,3.366083305609E-05
1.2362E-06,8.33691308740E-03,3.763953455073E-05
1.2364E-06,8.29857472796E-03,4.463095225674E-05
1.2366E-06,8.38520006742E-03,3.967543470953E-05
1.2368E-06,8.37734855246E-03,3.327063394990E-05
1.2370E-06,8.26999150682E-03,3.518476601039E-05
1.2372E-06,8.21114938240E-03,3.549510467146E-05
1.2374E-06,8.23495910969E-03,3.630120948237E-05
1.2376E-06,8.15925492439E-03,3.523120440823E-05
1.2378E-06,8.23471603449E-03,3.393473148626E-05
1.2380E-06,8.31355691422E-03,3.300716386457E-05
1.2382E-06,8.32425478380E-03,3.754010794964E-05
1.2384E-06,8.19277997594E-03,3.633610939887E-05
1.2386E-06,8.34131312091E-03,2.758803943452E-05
1.2388E-06,8.36838364135E-03,2.824397052918E-05
1.2390E-06,8.26323522720E-03,3.545269745682E-05
1.2392E-06,8.17110437434E-03,3.590484911856E-05
1.2394E-06,8.05762015749E-03,3.056500231196E-05
1.2396E-06,8.08956219349E-03,2.872336910386E-05
1.2398E-06,8.24538480025E-03,2.806446145569E-05
1.2400E-06,8.37433595676E-03,3.025798018370E-05
1.2402E-06,8.27787235845E-03,3.066921637673E-05
1.2404E-06,8.10962078627E-03,3.040582261328E-05
1.2406E-06,8.01973837893E-03,3.186772669014E-05
1.2408E-06,8.11972004827E-03,3.776093491633E-05
1.2410E-06,8.25948036741E-03,3.421284843516E-05
1.2412E-06,8.15214404371E-03,2.649531125371E-05
1.2414E-06,8.28456344549E-03,2.258818581049E-05
1.2416E-06,8.31269963179E-03,1.950394211617E-05
1.2418E-06,8.24296056759E-03,1.697501645703E-05
1.2420E-06,8.18042481784E-03,1.515231801477E-05
1.2422E-06,8.24236196000E-03,1.498639423680E-05
1.2424E-06,8.40455946978E-03,1.532273784560E-05
1.2426E-06,8.31456250977E-03,1.088123431709E-05
1.2428E-06,8.08143710252E-03,6.665032993076E-06
1.2430E-06,8.08213559445E-03,7.836594742730E-06
1.2432E-06,8.12982256990E-03,9.726074834361E-06
1.2434E-06,8.21863255929E-03,1.139800327836E-06
1.2436E-06,8.32158095669E-03,2.541861108511E-06
1.2438E-06,8.42282340396E-03,2.324524133472E-06
1.2440E-06,8.32837798167E-03,-6.906482965679E-06
1.2442E-06,8.32580427173E-03,-8.254542543547E-06
1.2444E-06,8.25534413103E-03,-9.868424308480E-06
1.2446E-06,8.23226409499E-03,-1.622998525109E-05
1.2448E-06,8.32816866692E-03,-2.219021796900E-05
1.2450E-06,8.29335978720E-03,-2.382144561689E-05
1.2452E-06,8.12786004040E-03,-2.100420362967E-05
1.2454E-06,8.09952967334E-03,-1.930547968204E-05
1.2456E-06,8.34780746605E-03,-2.908994533773E-05
1.2458E-06,8.36154168006E-03,-3.562533284258E-05
1.2460E-06,8.22513062972E-03,-3.365626983996E-05
1.2462E-06,8.32757471595E-03,-3.320821874495E-05
1.2464E-06,8.39737268630E-03,-3.781135121080E-05
1.2466E-06,8.28209381085E-03,-4.360038700234E-05
1.2468E-06,8.32034998108E-03,-4.263274345267E-05
1.2470E-06,8.40464980807E-03,-4.444047586712E-05
1.2472E-06,8.27226253692E-03,-4.376977301854E-05
1.2474E-06,8.21479038801E-03,-4.377268712688E-05
1.2476E-06,8.37231079582E-03,-4.277646450046E-05
1.2478E-06,8.25903798919E-03,-4.294915317278E-05
1.2480E-06,8.35028175730E-03,-4.853812155034E-05
1.2482E-06,8.37702119257E-03,-5.266274355072E-05
1.2484E-06,8.31416762900E-03,-5.525330260116E-05
1.2486E-06,8.25531828683E-03,-6.283730423729E-05
1.2488E-06,8.24086951557E-03,-6.321602730732E-05
1.2490E-06,8.18519016262E-03,-5.839570357184E-05
1.2492E-06,8.27254938427E-03,-5.829932290781E-05
1.2494E-06,8.41171319131E-03,-5.839247029926E-05
1.2496E-06,8.36079103406E-03,-6.083154428470E-05
1.2498E-06,8.37052568328E-03,-6.541233525332E-05
1.2500E-06,8.27048953157E-03,-6.435289729107E-05
1.2502E-06,8.26573536266E-03,-5.988876085448E-05
1.2504E-06,8.48924975376E-03,-5.674808753374E-05
1.2506E-06,8.43197667505E-03,-6.020209688413E-05
1.2508E-06,8.31836021040E-03,-6.077480937074E-05
1.2510E-06,8.27757643070E-03,-6.098017074819E-05
1.2512E-06,8.23456050362E-03,-6.345822440180E-05
1.2514E-06,8.27898901421E-03,-6.329378543142E-05
1.2516E-06,8.42653565574E-03,-6.175113280024E-05
1.2518E-06,8.47323915455E-03,-6.450352893862E-05
1.2520E-06,8.36956874933E-03,-6.300654454808E-05
1.2522E-06,8.25955952983E-03,-5.529672281537E-05
1.2524E-06,8.39740644675E-03,-5.419275450240E-05
1.2526E-06,8.40515877586E-03,-5.737067984137E-05
1.2528E-06,8.30970217008E-03,-5.491519665065E-05
1.2530E-06,8.48539547529E-03,-5.235733112040E-05
1.2532E-06,8.44246266875E-03,-5.736739800032E-05
1.2534E-06,8.26661662664E-03,-5.843917235452E-05
1.2536E-06,8.23535771575E-03,-5.422086177114E-05
1.2538E-06,8.42379151378E-03,-5.151741571444E-05
1.2540E-06,8.38829275686E-03,-4.873056371416E-05
1.2542E-06,8.26724550221E-03,-4.204974138829E-05
1.2544E-06,8.24413962196E-03,-3.335547141451E-05
1.2546E-06,8.25944893528E-03,-2.907621433678E-05
1.2548E-06,8.32184615079E-03,-3.208350475598E-05
1.2550E-06,8.55258644093E-03,-3.699808601941E-05
1.2552E-06,8.50753487553E-03,-3.635560145322E-05
1.2554E-06,8.35244149435E-03,-3.326139428373E-05
1.2556E-06,8.34607357625E-03,-3.349516821745E-05
1.2558E-06,8.41843338217E-03,-3.293481987621E-05
1.2560E-06,8.47114181612E-03,-3.258679208066E-05
1.2562E-06,8.37011264171E-03,-2.929720088560E-05
1.2564E-06,8.28276762273E-03,-2.334667492378E-05
1.2566E-06,8.34984962363E-03,-2.025868451874E-05
1.2568E-06,8.45874544699E-03,-1.524396894220E-05
1.2570E-06,8.49006047007E-03,-1.052840046305E-05
1.2572E-06,8.54120637756E-03,-7.825023789884E-06
1.2574E-06,8.56605243403E-03,-8.199507526115E-06
1.2576E-06,8.46787077840E-03,-8.879736733617E-06
1.2578E-06,8.34427426103E-03,-8.271125207649E-06
1.2580E-06,8.29868555535E-03,-5.359958733426E-06
1.2582E-06,8.38885993231E-03,-2.744095508935E-06
1.2584E-06,8.54969887528E-03,1.985786792828E-06
1.2586E-06,8.49491033237E-03,1.255090044160E-05
1.2588E-06,8.53104099166E-03,1.486700599362E-05
1.2590E-06,8.40647659730E-03,8.409432119697E-06
1.2592E-06,8.16010103095E-03,4.627488444566E-06
1.2594E-06,8.19872158114E-03,9.096342961310E-06
1.2596E-06,8.32244778518E-03,1.620730849263E-05
1.2598E-06,8.26244988944E-03,1.902962241602E-05
1.2600E-06,8.26411299873E-03,1.913776358869E-05
1.2602E-06,8.36689794902E-03,2.336646088679E-05
1.2604E-06,8.49659509491E-03,2.826616632101E-05
1.2606E-06,8.50477932487E-03,2.722728669923E-05
1.2608E-06,8.38312088977E-03,3.120872884337E-05
1.2610E-06,8.27737852465E-03,3.521575963405E-05
1.2612E-06,8.39194377419E-03,3.201693597530E-05
1.2614E-06,8.47330807242E-03,3.649890397955E-05
1.2616E-06,8.37249263655E-03,4.324088788871E-05
1.2618E-06,8.30925071146E-03,4.476340541896E-05
1.2620E-06,8.33084668498E-03,5.318025921751E-05
1.2622E-06,8.58014544006E-03,5.177451417130E-05
1.2624E-06,8.67793943267E-03,4.864098735434E-05
1.2626E-06,8.39199127164E-03,5.321548523661E-05
1.2628E-06,8.08313606772E-03,5.786558341515E-05
1.2630E-06,8.21537106763E-03,5.392538284232E-05
1.2632E-06,8.33401807118E-03,6.060617047642E-05
1.2634E-06,8.22536811698E-03,6.570601270814E-05
1.2636E-06,8.29742780421E-03,6.461081447360E-05
1.2638E-06,8.41715723742E-03,6.797877436784E-05
1.2640E-06,8.35966972168E-03,6.821021007654E-05
1.2642E-06,8.33677990828E-03,6.664799128939E-05
1.2644E-06,8.39531027246E-03,7.066092661862E-05
1.2646E-06,8.35231087636E-03,7.282379864064E-05
1.2648E-06,8.25454528909E-03,7.608374919091E-05
1.2650E-06,8.25913042296E-03,8.118139196467E-05
1.2652E-06,8.28774321359E-03,7.643250551355E-05
1.2654E-06,8.29741499852E-03,7.809254814219E-05
1.2656E-06,8.44264893327E-03,8.235477156286E-05
1.2658E-06,8.47835747059E-03,8.097639138159E-05
1.2660E-06,8.43490964267E-03,7.698178024311E-05
1.2662E-06,8.32904736977E-03,8.340401708428E-05
1.2664E-06,8.29686621670E-03,8.539626806323E-05
1.2666E-06,8.30237987917E-03,8.574347019476E-05
1.2668E-06,8.32949975971E-03,9.004381986615E-05
1.2670E-06,8.24142388534E-03,8.892190203351E-05
1.2672E-06,8.38374091778E-03,8.659212098737E-05
1.2674E-06,8.43610173557E-03,8.804882129934E-05
1.2676E-06,8.31447286997E-03,9.161906194222E-05
1.2678E-06,8.34491175134E-03,9.092689182889E-05
1.2680E-06,8.33261922467E-03,8.642418508698E-05
1.2682E-06,8.29421916511E-03,8.910330527742E-05
1.2684E-06,8.23011623230E-03,9.160161198397E-05
1.2686E-06,8.22940679733E-03,9.041713102069E-05
1.2688E-06,8.28594087157E-03,9.136112172437E-05
1.2690E-06,8.32249877509E-03,8.976718772483E-05
1.2692E-06,8.31652783323E-03,9.038975227904E-05
1.2694E-06,8.29646947328E-03,9.016485943739E-05
1.2696E-06,8.42818572651E-03,9.486440725905E-05
1.2698E-06,8.47944898065E-03,9.374570882228E-05
1.2700E-06,8.37154548149E-03,9.219959395286E-05
1.2702E-06,8.39601784479E-03,8.967218779308E-05
1.2704E-06,8.29691953491E-03,8.884895218816E-05
1.2706E-06,8.22280139197E-03,8.790902735946E-05
1.2708E-06,8.30605278257E-03,9.148108585086E-05
1.2710E-06,8.33999879192E-03,9.344706128631E-05
1.2712E-06,8.23729346972E-03,9.168281153124E-05
1.2714E-06,8.20956613403E-03,9.174037210923E-05
1.2716E-06,8.15272332635E-03,9.125827451517E-05
1.2718E-06,8.30936689395E-03,8.581378346589E-05
1.2720E-06,8.41460471507E-03,8.059928494786E-05
1.2722E-06,8.38713908102E-03,7.645610285272E-05
1.2724E-06,8.21376826148E-03,7.629664561991E-05
1.2726E-06,8.05472700391E-03,8.050142641459E-05
1.2728E-06,8.04486313369E-03,8.168045383227E-05
1.2730E-06,8.20329740178E-03,8.414914764744E-05
1.2732E-06,8.31821375992E-03,8.202370804083E-05
1.2734E-06,8.38936238084E-03,7.351202083100E-05
1.2736E-06,8.29395536799E-03,7.234312340897E-05
1.2738E-06,8.32174323965E-03,7.014282590990E-05
1.2740E-06,8.29412254039E-03,6.252064945456E-05
1.2742E-06,8.28812738415E-03,5.928308897001E-05
1.2744E-06,8.49542675074E-03,6.431771762018E-05
1.2746E-06,8.44882034231E-03,6.842385584769E-05
1.2748E-06,8.26530881692E-03,6.518824504037E-05
1.2750E-06,8.27028790023E-03,6.222911373061E-05
1.2752E-06,8.28585006762E-03,5.586803847273E-05
1.2754E-06,8.29895354342E-03,5.451573262271E-05
1.2756E-06,8.29662779812E-03,5.699730402139E-05
1.2758E-06,8.34698953200E-03,5.229280221556E-05
1.2760E-06,8.26581405941E-03,4.886343095732E-05
1.2762E-06,8.22763053235E-03,5.121008607839E-05
1.2764E-06,8.34032475483E-03,4.968151136582E-05
1.2766E-06,8.43656669836E-03,4.009288072866E-05
1.2768E-06,8.48388161044E-03,3.443481329177E-05
1.2770E-06,8.28938583378E-03,3.534147565533E-05
1.2772E-06,8.23472278658E-03,3.248838319723E-05
1.2774E-06,8.21293565910E-03,2.605304674526E-05
1.2776E-06,8.13766174484E-03,3.027822629829E-05
1.2778E-06,8.20828952361E-03,3.103582508211E-05
1.2780E-06,8.29039212782E-03,2.424196310621E-05
1.2782E-06,8.28026120085E-03,2.702420110163E-05
1.2784E-06,8.25109730009E-03,2.093573374022E-05
1.2786E-06,8.42126553412E-03,1.371609972139E-05
1.2788E-06,8.33641995210E-03,1.359492138308E-05
1.2790E-06,8.36471679155E-03,8.593548259704E-06
1.2792E-06,8.39871192817E-03,1.108268940170E-05
1.2794E-06,8.28939910512E-03,1.451507884358E-05
1.2796E-06,8.05943064857E-03,1.393667690736E-05
1.2798E-06,8.17845041398E-03,9.168328375561E-06
1.2800E-06,8.45526323188E-03,8.308562341153E-06
1.2802E-06,8.44803733285E-03,6.674011222093E-06
1.2804E-06,8.33058544900E-03,5.384365639656E-06
1.2806E-06,8.31899094861E-03,4.198455375625E-06
1.2808E-06,8.26437563170E-03,-2.555718803723E-07
1.2810E-06,8.15006114077E-03,-9.304308025097E-07
1.2812E-06,8.14539102372E-03,3.432218758457E-07
1.2814E-06,8.23700662237E-03,-6.568876576603E-06
1.2816E-06,8.23190018069E-03,-1.225136701669E-05
1.2818E-06,8.30986934248E-03,-9.231608376832E-06
1.2820E-06,8.33561086561E-03,-1.052867799717E-05
1.2822E-06,8.31532735843E-03,-1.137016147095E-05
1.2824E-06,8.18409632426E-03,-1.257581828813E-05
1.2826E-06,8.25137204025E-03,-1.353893109317E-05
1.2828E-06,8.38621753734E-03,-1.446898264530E-05
1.2830E-06,8.40339159127E-03,-1.807135480176E-05
1.2832E-06,8.29173020553E-03,-2.386297166068E-05
1.2834E-06,8.27589609194E-03,-2.683337779436E-05
1.2836E-06,8.25093362015E-03,-2.788287309650E-05
1.2838E-06,8.32068199757E-03,-3.206038616318E-05
1.2840E-06,8.41652580071E-03,-3.471976673882E-05
1.2842E-06,8.32918939646E-03,-3.549090224970E-05
1.2844E-06,8.19934999104E-03,-4.104708690848E-05
1.2846E-06,8.27988238539E-03,-4.021567098516E-05
1.2848E-06,8.19644193631E-03,-4.179520096350E-05
1.2850E-06,8.26865994837E-03,-4.626989757362E-05
1.2852E-06,8.40798045043E-03,-4.378371910843E-05
1.2854E-06,8.49024370778E-03,-4.435994240175E-05
1.2856E-06,8.37372757029E-03,-4.439391951728E-05
1.2858E-06,8.23753631208E-03,-4.302906912471E-05
1.2860E-06,8.24222761672E-03,-4.967499847244E-05
1.2862E-06,8.28974625561E-03,-5.555324067082E-05
1.2864E-06,8.40632502455E-03,-5.881246269401E-05
1.2866E-06,8.32935773302E-03,-6.100485740881E-05
1.2868E-06,8.25538883451E-03,-6.351348144654E-05
1.2870E-06,8.26851955149E-03,-6.467503809090E-05
1.2872E-06,8.37989851367E-03,-6.337529026623E-05
1.2874E-06,8.40746775735E-03,-6.727777395117E-05
1.2876E-06,8.50543823559E-03,-7.374606758076E-05
1.2878E-06,8.56041257735E-03,-7.556985534448E-05
1.2880E-06,8.40138016734E-03,-7.354067844990E-05
1.2882E-06,8.28782121185E-03,-7.395953295472E-05
1.2884E-06,8.21624348406E-03,-7.680560379940E-05
1.2886E-06,8.19763542619E-03,-8.103042255807E-05
1.2888E-06,8.20561662782E-03,-8.438116145972E-05
1.2890E-06,8.40679790359E-03,-8.767753142584E-05
1.2892E-06,8.42117566150E-03,-8.675593078788E-05
1.2894E-06,8.39915221091E-03,-8.882503790501E-05
1.2896E-06,8.39106460567E-03,-9.198404929321E-05
1.2898E-06,8.37022603024E-03,-9.589771760348E-05
1.2900E-06,8.40476645622E-03,-9.875623585376E-05
1.2902E-06,8.29217304941E-03,-1.027367343819E-04
1.2904E-06,8.20756146219E-03,-1.098545341911E-04
1.2906E-06,8.18183181342E-03,-1.105642999681E-04
1.2908E-06,8.27347535174E-03,-1.110345815467E-04
1.2910E-06,8.41488527600E-03,-1.109187734937E-04
1.2912E-06,8.39893451426E-03,-1.168863608660E-04
1.2914E-06,8.35170761216E-03,-1.186996023329E-04
1.2916E-06,8.30845093820E-03,-1.204047442572E-04
1.2918E-06,8.36709096562E-03,-1.208080360359E-04
1.2920E-06,8.46965356264E-03,-1.202344146250E-04
1.2922E-06,8.41977914330E-03,-1.271229226766E-04
1.2924E-06,8.27075635549E-03,-1.335553311435E-04
1.2926E-06,8.27706885990E-03,-1.362047690591E-04
1.2928E-06,8.25381326955E-03,-1.390624269536E-04
1.2930E-06,8.17021240014E-03,-1.404289841810E-04
1.2932E-06,8.23210996110E-03,-1.394667109167E-04
1.2934E-06,8.45132373739E-03,-1.416548385443E-04
1.2936E-06,8.42823625076E-03,-1.472626514891E-04
1.2938E-06,8.24906375725E-03,-1.524460592465E-04
1.2940E-06,8.18221807945E-03,-1.515435252031E-04
1.2942E-06,8.21227884386E-03,-1.567850624835E-04
1.2944E-06,8.33425718825E-03,-1.599487988902E-04
1.2946E-06,8.59040232841E-03,-1.596322712181E-04
1.2948E-06,8.58956926037E-03,-1.604160831002E-04
1.2950E-06,8.37903052103E-03,-1.637449800661E-04
1.2952E-06,8.19668594282E-03,-1.658144549159E-04
1.2954E-06,8.23215815704E-03,-1.668764808839E-04
1.2956E-06,8.27970007900E-03,-1.720256062383E-04
1.2958E-06,8.48408557009E-03,-1.696477215895E-04
1.2960E-06,8.35123147350E-03,-1.685756766396E-04
1.2962E-06,8.34187633824E-03,-1.737624425599E-04
1.2964E-06,8.27402343508E-03,-1.817251464510E-04
1.2966E-06,8.30736781005E-03,-1.859861417832E-04
1.2968E-06,8.44628924038E-03,-1.845835051192E-04
1.2970E-06,8.36005808320E-03,-1.878795489827E-04
1.2972E-06,8.25392572675E-03,-1.877666411614E-04
1.2974E-06,8.34687381517E-03,-1.841108853156E-04
1.2976E-06,8.31944333855E-03,-1.896136793466E-04
1.2978E-06,8.21288397070E-03,-1.900607660105E-04
1.2980E-06,8.23371020611E-03,-1.877467766562E-04
1.2982E-06,8.27157568652E-03,-1.916598552065E-04
1.2984E-06,8.22806429583E-03,-1.971835822491E-04
1.2986E-06,8.18188420031E-03,-1.941754106590E-04
1.2988E-06,8.34724587854E-03,-1.977600830765E-04
1.2990E-06,8.39353982825E-03,-2.016092871474E-04
1.2992E-06,8.26685388107E-03,-1.961534727057E-04
1.2994E-06,8.30974850338E-03,-1.948056351552E-04
1.2996E-06,8.29547202680E-03,-1.980643021101E-04
1.2998E-06,8.23940873612E-03,-1.976367607871E-04
1.3000E-06,8.14759499859E-03,-1.931267410209E-04
1.3002E-06,8.18261715118E-03,-1.903455923470E-04
1.3004E-06,8.36001500953E-03,-1.926213791287E-04
1.3006E-06,8.36582250427E-03,-1.973696203129E-04
1.3008E-06,8.18913408089E-03,-1.980921318447E-04
1.3010E-06,8.26048735995E-03,-1.977138111992E-04
1.3012E-06,8.24606769252E-03,-1.980010728976E-04
1.3014E-06,8.27509236056E-03,-2.001129133319E-04
1.3016E-06,8.25720165390E-03,-1.981196146617E-04
1.3018E-06,8.38641800452E-03,-1.980158654666E-04
1.3020E-06,8.36091536563E-03,-2.021135874717E-04
1.3022E-06,8.33381341305E-03,-1.991249750992E-04
1.3024E-06,8.23646226432E-03,-1.895585333155E-04
1.3026E-06,8.26297701802E-03,-1.849768472994E-04
1.3028E-06,8.20393372793E-03,-1.872645264184E-04
1.3030E-06,8.28424609732E-03,-1.899562119665E-04
1.3032E-06,8.35041377228E-03,-1.876202627243E-04
1.3034E-06,8.34787428845E-03,-1.871728222044E-04
1.3036E-06,8.33689818624E-03,-1.868056306774E-04
1.3038E-06,8.25611247215E-03,-1.846756464494E-04
1.3040E-06,8.13066145871E-03,-1.753142121872E-04
1.3042E-06,8.17286503967E-03,-1.677419710597E-04
1.3044E-06,8.30198639538E-03,-1.659636364477E-04
1.3046E-06,8.27000058722E-03,-1.724583166344E-04
1.3048E-06,8.20939966012E-03,-1.735227363342E-04
1.3050E-06,8.13697629142E-03,-1.721826628009E-04
1.3052E-06,8.19655066822E-03,-1.710631664535E-04
1.3054E-06,8.39738805313E-03,-1.700259312214E-04
1.3056E-06,8.43741583172E-03,-1.737432302600E-04
1.3058E-06,8.26401823666E-03,-1.676213200362E-04
1.3060E-06,8.38594233151E-03,-1.611105289934E-04
1.3062E-06,8.51958036888E-03,-1.604592119036E-04
1.3064E-06,8.44364684541E-03,-1.621673720116E-04
1.3066E-06,8.34038179833E-03,-1.564021278331E-04
1.3068E-06,8.32600636873E-03,-1.533979874263E-04
1.3070E-06,8.27835385222E-03,-1.522786506610E-04
1.3072E-06,8.38299842086E-03,-1.504814159749E-04
1.3074E-06,8.50856096018E-03,-1.471829991946E-04
1.3076E-06,8.37905822787E-03,-1.406802497031E-04
1.3078E-06,8.39030813891E-03,-1.369084152086E-04
1.3080E-06,8.42156239319E-03,-1.371937688598E-04
1.3082E-06,8.51988491136E-03,-1.371026682826E-04
1.3084E-06,8.59484217595E-03,-1.330313952798E-04
1.3086E-06,8.44329038169E-03,-1.288479082910E-04
1.3088E-06,8.36246019695E-03,-1.269018667443E-04
1.3090E-06,8.52541999426E-03,-1.298616086291E-04
1.3092E-06,8.33421760704E-03,-1.252094497597E-04
1.3094E-06,8.17546529230E-03,-1.194838929614E-04
1.3096E-06,8.38721544947E-03,-1.144731322462E-04
1.3098E-06,8.46806239802E-03,-1.044571198681E-04
1.3100E-06,8.39367836248E-03,-1.069016959676E-04
1.3102E-06,8.31175876316E-03,-1.047323504621E-04
1.3104E-06,8.29922711942E-03,-9.902454890962E-05
1.3106E-06,8.32148409914E-03,-9.559471278171E-05
1.3108E-06,8.41865503695E-03,-8.956558221671E-05
1.3110E-06,8.28752225730E-03,-8.342571553494E-05
1.3112E-06,8.25920679141E-03,-8.392302199918E-05
1.3114E-06,8.14286527689E-03,-8.220985933858E-05
1.3116E-06,8.26742967125E-03,-7.680554829258E-05
1.3118E-06,8.28895905521E-03,-7.453076757211E-05
1.3120E-06,8.36114167701E-03,-7.190306057873E-05
1.3122E-06,8.33317336161E-03,-7.024326079245E-05
1.3124E-06,8.35624478292E-03,-6.764447285514E-05
1.3126E-06,8.31667568069E-03,-6.773601748701E-05
1.3128E-06,8.35224987473E-03,-5.978615648764E-05
1.3130E-06,8.44370831270E-03,-5.380046001355E-05
1.3132E-06,8.51119637024E-03,-5.707020751852E-05
1.3134E-06,8.43510405626E-03,-5.317077670898E-05
1.3136E-06,8.36068719160E-03,-4.681632064003E-05
1.3138E-06,8.22941750754E-03,-4.208558492082E-05
1.3140E-06,8.14516471233E-03,-4.486714989598E-05
1.3142E-06,8.27009162400E-03,-4.496067889686E-05
1.3144E-06,8.35232740734E-03,-3.918084336165E-05
1.3146E-06,8.33362924401E-03,-3.357316224556E-05
1.3148E-06,8.33196287509E-03,-2.712981199566E-05
1.3150E-06,8.35759310517E-03,-2.746340107824E-05
1.3152E-06,8.33608653862E-03,-2.336344492342E-05
1.3154E-06,8.46323931124E-03,-1.999967579450E-05
1.3156E-06,8.36500433739E-03,-1.386601200047E-05
1.3158E-06,8.29549251590E-03,-1.306197481881E-05
1.3160E-06,8.30934477504E-03,-1.122120890486E-05
1.3162E-06,8.19688035641E-03,-1.150996234919E-05
1.3164E-06,8.27364624943E-03,-9.431086030782E-06
1.3166E-06,8.44777469989E-03,-7.294191203074E-06
1.3168E-06,8.38896004949E-03,-7.731300515117E-06
1.3170E-06,8.21292448323E-03,-4.546436822968E-06
1.3172E-06,8.33723765332E-03,-5.161743859755E-06
1.3174E-06,8.24820414651E-03,-2.547358504490E-06
1.3176E-06,8.17051042337E-03,-2.280100078316E-06
1.3178E-06,8.24604091700E-03,8.391198543893E-07
1.3180E-06,8.31668802071E-03,5.317667250527E-06
1.3182E-06,8.40281091165E-03,1.271930815001E-05
1.3184E-06,8.32449087407E-03,1.371864609700E-05
1.3186E-06,8.18949240725E-03,9.070032726047E-06
1.3188E-06,8.36765348446E-03,9.029547435238E-06
1.3190E-06,8.51410279516E-03,1.648375329842E-05
1.3192E-06,8.41562684160E-03,1.940896299948E-05
1.3194E-06,8.47848925274E-03,2.270671369788E-05
1.3196E-06,8.55578786228E-03,2.028408360948E-05
1.3198E-06,8.50325614680E-03,2.540202800464E-05
1.3200E-06,8.38213415351E-03,3.051578857285E-05
1.3202E-06,8.31254410092E-03,3.055243001599E-05
1.3204E-06,8.39648257475E-03,2.613637636696E-05
1.3206E-06,8.55884842109E-03,3.216937159468E-05
1.3208E-06,8.42549397144E-03,3.888407389913E-05
1.3210E-06,8.25751713943E-03,3.918243696262E-05
1.3212E-06,8.21602345910E-03,3.884508729261E-05
1.3214E-06,8.23815238196E-03,4.004991844576E-05
1.3216E-06,8.28971575480E-03,4.121657477972E-05
1.3218E-06,8.38785573374E-03,4.667188965995E-05
1.3220E-06,8.33013305906E-03,5.013699343708E-05
1.3222E-06,8.23687041644E-03,4.973197400850E-05
1.3224E-06,8.28987710643E-03,4.729160948936E-05
1.3226E-06,8.25378044043E-03,4.812868710887E-05
1.3228E-06,8.16163585056E-03,5.293013852370E-05
1.3230E-06,8.42646836769E-03,5.405801640172E-05
1.3232E-06,8.59080349561E-03,5.499260563683E-05
1.3234E-06,8.38633628096E-03,5.474226291572E-05
1.3236E-06,8.32026825752E-03,5.878433932830E-05
1.3238E-06,8.50354229566E-03,6.239583541919E-05
1.3240E-06,8.48001848441E-03,6.162319428567E-05
1.3242E-06,8.40879768599E-03,6.332411075291E-05
1.3244E-06,8.31054990645E-03,6.885277790297E-05
1.3246E-06,8.28775136266E-03,7.448966254760E-05
1.3248E-06,8.24407699052E-03,7.533809131291E-05
1.3250E-06,8.20318447892E-03,7.487570558023E-05
1.3252E-06,8.11877172906E-03,7.588069828507E-05
1.3254E-06,8.12077453826E-03,7.804236303364E-05
1.3256E-06,8.37128424551E-03,8.168793337700E-05
1.3258E-06,8.33040197845E-03,8.510358057265E-05
1.3260E-06,8.32197257783E-03,8.989966170211E-05
1.3262E-06,8.33676733542E-03,8.945549608488E-05
1.3264E-06,8.26436259318E-03,9.125460412633E-05
1.3266E-06,8.20500987116E-03,9.577672438045E-05
1.3268E-06,8.28984893393E-03,9.873307341059E-05
1.3270E-06,8.38615164626E-03,1.001818709383E-04
1.3272E-06,8.32641731482E-03,9.944748094586E-05
1.3274E-06,8.34582305048E-03,9.697482533102E-05
1.3276E-06,8.31301511731E-03,9.873722254579E-05
1.3278E-06,8.41213391628E-03,1.100148634361E-04
1.3280E-06,8.30301760230E-03,1.149617288569E-04
1.3282E-06,8.33118219394E-03,1.120985272182E-04
1.3284E-06,8.28146772925E-03,1.124026699299E-04
1.3286E-06,8.09524768498E-03,1.178930096170E-04
1.3288E-06,8.04025215562E-03,1.217416586196E-04
1.3290E-06,8.17323826719E-03,1.214651652454E-04
1.3292E-06,8.33094028290E-03,1.148910062229E-04
1.3294E-06,8.45248742495E-03,1.182852971675E-04
1.3296E-06,8.46393151674E-03,1.259194908505E-04
1.3298E-06,8.37631711271E-03,1.294176350655E-04
1.3300E-06,8.27829867136E-03,1.325912863789E-04
1.3302E-06,8.29863153864E-03,1.364767710986E-04
1.3304E-06,8.38941057678E-03,1.396288649486E-04
1.3306E-06,8.44004588667E-03,1.496982332626E-04
1.3308E-06,8.28512014355E-03,1.547794945845E-04
1.3310E-06,8.28332525212E-03,1.503630385110E-04
1.3312E-06,8.48197891842E-03,1.474825464962E-04
1.3314E-06,8.40329007711E-03,1.503107580198E-04
1.3316E-06,8.31987104844E-03,1.570130753638E-04
1.3318E-06,8.28307332937E-03,1.622709385892E-04
1.3320E-06,8.25902052689E-03,1.618268215405E-04
1.3322E-06,8.24075775687E-03,1.687246963689E-04
1.3324E-06,8.01188942511E-03,1.763675352400E-04
1.3326E-06,8.04911299143E-03,1.755083867190E-04
1.3328E-06,8.28426355962E-03,1.742329855757E-04
1.3330E-06,8.38850742672E-03,1.763970856862E-04
1.3332E-06,8.29929301049E-03,1.801104437402E-04
1.3334E-06,8.18355685566E-03,1.832638281239E-04
1.3336E-06,8.21180177387E-03,1.853721785666E-04
1.3338E-06,8.23209668975E-03,1.855729536926E-04
1.3340E-06,8.30102107953E-03,1.933174324995E-04
1.3342E-06,8.46388867590E-03,1.953743766835E-04
1.3344E-06,8.27037311625E-03,1.974793342715E-04
1.3346E-06,8.29393161926E-03,2.012668771977E-04
1.3348E-06,8.30591308419E-03,2.060983369900E-04
1.3350E-06,8.35218002554E-03,2.076746475725E-04
1.3352E-06,8.29687087331E-03,2.088832115596E-04
1.3354E-06,8.29547528643E-03,2.071810878189E-04
1.3356E-06,8.29517540056E-03,2.084863724494E-04
1.3358E-06,8.22594390716E-03,2.123180918703E-04
1.3360E-06,8.16673367750E-03,2.163863328127E-04
1.3362E-06,8.35976890754E-03,2.219211889738E-04
1.3364E-06,8.28928967472E-03,2.258299379917E-04
1.3366E-06,8.15780904610E-03,2.321069759158E-04
1.3368E-06,8.21531588677E-03,2.330791640868E-04
1.3370E-06,8.25363096315E-03,2.321023410959E-04
1.3372E-06,8.26199959498E-03,2.314192671636E-04
1.3374E-06,8.36388721596E-03,2.345329502905E-04
1.3376E-06,8.25972786639E-03,2.371148086460E-04
1.3378E-06,8.02706951741E-03,2.379111581324E-04
1.3380E-06,7.95062423218E-03,2.409394231932E-04
1.3382E-06,8.27143924776E-03,2.466203941340E-04
1.3384E-06,8.46023067366E-03,2.510239448706E-04
1.3386E-06,8.43585586641E-03,2.544204491498E-04
1.3388E-06,8.41634768527E-03,2.518189691315E-04
1.3390E-06,8.44384405296E-03,2.517256066511E-04
1.3392E-06,8.39655405376E-03,2.564483146956E-04
1.3394E-06,8.33112701308E-03,2.598353758762E-04
1.3396E-06,8.20093160961E-03,2.620868367916E-04
1.3398E-06,8.29474629369E-03,2.633858213974E-04
1.3400E-06,8.29864690546E-03,2.647790704696E-04
1.3402E-06,8.32776726689E-03,2.684447204070E-04
1.3404E-06,8.18731078412E-03,2.720933228107E-04
1.3406E-06,8.25317298528E-03,2.737645084346E-04
1.3408E-06,8.27025763225E-03,2.712883073213E-04
1.3410E-06,8.19636603352E-03,2.741584056830E-04
1.3412E-06,8.20383803453E-03,2.771072404767E-04
1.3414E-06,8.41827459168E-03,2.756575687165E-04
1.3416E-06,8.42324482743E-03,2.743159826221E-04
1.3418E-06,8.32293719519E-03,2.758400820969E-04
1.3420E-06,8.29986460972E-03,2.740845469134E-04
1.3422E-06,8.38147547562E-03,2.775378485518E-04
1.3424E-06,8.34165119100E-03,2.775825107312E-04
1.3426E-06,8.19863822777E-03,2.719436902860E-04
1.3428E-06,8.23708042968E-03,2.720975274528E-04
1.3430E-06,8.34421931300E-03,2.764830731629E-04
1.3432E-06,8.48517684732E-03,2.763438759213E-04
1.3434E-06,8.41273927595E-03,2.759227942051E-04
1.3436E-06,8.27572123613E-03,2.758537714677E-04
1.3438E-06,8.26978638302E-03,2.775312709929E-04
1.3440E-06,8.33563577849E-03,2.752869704580E-04
1.3442E-06,8.33713264670E-03,2.713388740392E-04
1.3444E-06,8.32709764596E-03,2.705592112923E-04
1.3446E-06,8.23931234423E-03,2.714546404621E-04
1.3448E-06,8.31390173640E-03,2.718420295352E-04
1.3450E-06,8.27687421348E-03,2.700167847173E-04
1.3452E-06,8.21445394773E-03,2.692183259716E-04
1.3454E-06,8.12180900480E-03,2.630384180537E-04
1.3456E-06,8.21496943477E-03,2.616924261050E-04
1.3458E-06,8.44737772364E-03,2.626893703202E-04
1.3460E-06,8.50947924424E-03,2.509194949018E-04
1.3462E-06,8.32689275499E-03,2.425640455289E-04
1.3464E-06,8.21210235823E-03,2.509176909300E-04
1.3466E-06,8.35948811378E-03,2.522373310132E-04
1.3468E-06,8.43039365951E-03,2.430988468537E-04
1.3470E-06,8.41118582990E-03,2.365786959725E-04
1.3472E-06,8.22157367598E-03,2.391964464290E-04
1.3474E-06,8.20706204045E-03,2.363573694443E-04
1.3476E-06,8.14526506234E-03,2.305007610312E-04
1.3478E-06,8.12248933595E-03,2.288253499502E-04
1.3480E-06,8.28730688896E-03,2.243806755943E-04
1.3482E-06,8.29300495330E-03,2.132374583585E-04
1.3484E-06,8.17232906353E-03,2.099047175450E-04
1.3486E-06,8.11001706403E-03,2.138962480547E-04
1.3488E-06,8.14238424878E-03,2.050523802480E-04
1.3490E-06,8.23361427989E-03,2.003030081121E-04
1.3492E-06,8.39426649269E-03,2.007258313550E-04
1.3494E-06,8.30228302162E-03,1.952064269064E-04
1.3496E-06,8.28220789786E-03,1.918762879754E-04
1.3498E-06,8.20988767315E-03,1.955589854466E-04
1.3500E-06,8.25077413116E-03,1.888811188592E-04
1.3502E-06,8.39882066008E-03,1.735781784942E-04
1.3504E-06,8.26740103308E-03,1.668771239305E-04
1.3506E-06,8.13738723751E-03,1.707337451009E-04
1.3508E-06,8.31021183636E-03,1.656295872135E-04
1.3510E-06,8.34085584152E-03,1.590864079380E-04
1.3512E-06,8.30220153090E-03,1.552722703042E-04
1.3514E-06,8.40445143636E-03,1.479063619236E-04
1.3516E-06,8.47287267912E-03,1.413354014820E-04
1.3518E-06,8.43386795837E-03,1.399413406225E-04
1.3520E-06,8.34363537375E-03,1.372973631909E-04
1.3522E-06,8.35292694624E-03,1.284714795956E-04
1.3524E-06,8.43042811844E-03,1.196478023967E-04
1.3526E-06,8.32772302907E-03,1.199662797460E-04
1.3528E-06,8.33122666459E-03,1.175799580598E-04
1.3530E-06,8.37899536360E-03,1.157025992712E-04
1.3532E-06,8.18618551362E-03,1.128554876735E-04
1.3534E-06,8.23145593982E-03,1.036705581779E-04
1.3536E-06,8.35919032339E-03,9.776989816037E-05
1.3538E-06,8.38668343145E-03,1.016150086029E-04
1.3540E-06,8.43209448736E-03,1.021353018312E-04
1.3542E-06,8.36777572054E-03,9.328375326750E-05
1.3544E-06,8.23175140191E-03,8.371736005229E-05
1.3546E-06,8.17221497651E-03,7.883463276830E-05
1.3548E-06,8.11677637044E-03,7.576704805997E-05
1.3550E-06,8.19285797421E-03,7.308591574711E-05
1.3552E-06,8.32654839847E-03,7.293111414929E-05
1.3554E-06,8.40208750684E-03,6.833804229554E-05
1.3556E-06,8.31732434686E-03,6.715635055025E-05
1.3558E-06,8.21415033657E-03,6.168393956777E-05
1.3560E-06,8.33259244915E-03,5.870102358331E-05
1.3562E-06,8.42220756691E-03,6.254195019883E-05
1.3564E-06,8.26990186702E-03,5.999780179281E-05
1.3566E-06,8.29123078380E-03,6.115983718355E-05
1.3568E-06,8.27830845024E-03,5.622338623089E-05
1.3570E-06,8.21133820806E-03,4.660995098111E-05
1.3572E-06,8.15763838123E-03,4.378024771158E-05
1.3574E-06,8.24138290714E-03,4.579883667920E-05
1.3576E-06,8.20126991253E-03,4.459946601000E-05
1.3578E-06,8.21248396765E-03,3.905952403602E-05
1.3580E-06,8.13023514580E-03,3.735263364670E-05
1.3582E-06,8.27779505867E-03,3.927090096567E-05
1.3584E-06,8.36936129723E-03,3.983781298903E-05
1.3586E-06,8.38229457382E-03,3.730318400358E-05
1.3588E-06,8.28964241315E-03,3.028322191258E-05
1.3590E-06,8.24033121113E-03,3.206650357042E-05
1.3592E-06,8.26282404829E-03,3.638924330753E-05
1.3594E-06,8.34789524320E-03,3.488378024940E-05
1.3596E-06,8.38683197740E-03,3.231854618807E-05
1.3598E-06,8.36613030638E-03,3.165352585074E-05
1.3600E-06,8.26402452309E-03,2.912605724577E-05
1.3602E-06,8.20584177505E-03,2.599642284495E-05
1.3604E-06,8.36709399242E-03,2.920023517963E-05
1.3606E-06,8.43183977064E-03,2.629389086087E-05
1.3608E-06,8.46561674494E-03,2.475134230499E-05
1.3610E-06,8.54840806220E-03,2.426411726792E-05
1.3612E-06,8.45799759496E-03,2.621222644393E-05
1.3614E-06,8.37629592512E-03,2.640315604676E-05
1.3616E-06,8.21634965483E-03,3.270214692038E-05
1.3618E-06,8.09293264989E-03,3.211813879479E-05
1.3620E-06,8.13905360643E-03,3.338474904467E-05
1.3622E-06,8.36371073034E-03,3.435702047591E-05
1.3624E-06,8.28925707843E-03,3.651782486868E-05
1.3626E-06,8.20890675764E-03,3.842199345399E-05
1.3628E-06,8.28898676205E-03,3.649968801346E-05
1.3630E-06,8.48536008503E-03,4.023021849152E-05
1.3632E-06,8.37960188743E-03,4.170422999468E-05
1.3634E-06,8.16487196367E-03,3.924441727158E-05
1.3636E-06,8.18464952987E-03,3.734344032873E-05
1.3638E-06,8.30104296561E-03,3.551385210176E-05
1.3640E-06,8.37944332976E-03,4.447050283943E-05
1.3642E-06,8.35779194254E-03,5.073435789254E-05
1.3644E-06,8.33995432127E-03,4.982668252942E-05
1.3646E-06,8.33024295512E-03,4.950669955742E-05
1.3648E-06,8.35824689362E-03,5.113551959676E-05
1.3650E-06,8.38536561001E-03,5.560097432044E-05
1.3652E-06,8.34488404449E-03,5.791666357127E-05
1.3654E-06,8.23482034262E-03,5.262890992035E-05
1.3656E-06,8.21900043171E-03,5.339076885302E-05
1.3658E-06,8.25734251644E-03,5.576828576905E-05
1.3660E-06,8.32022518385E-03,5.623817186151E-05
1.3662E-06,8.42527301516E-03,5.999583130051E-05
1.3664E-06,8.43052334618E-03,6.693940212299E-05
1.3666E-06,8.35475909058E-03,6.997231588048E-05
1.3668E-06,8.31134339329E-03,6.751524380688E-05
1.3670E-06,8.44056044239E-03,6.087648177800E-05
1.3672E-06,8.50349852350E-03,6.716235916410E-05
1.3674E-06,8.40197318699E-03,7.414269632009E-05
1.3676E-06,8.31492083613E-03,7.820759991464E-05
1.3678E-06,8.33588141482E-03,7.654805684742E-05
1.3680E-06,8.20450346451E-03,7.579852043000E-05
1.3682E-06,8.30629073549E-03,8.104412358534E-05
1.3684E-06,8.26524711680E-03,8.832568934467E-05
1.3686E-06,8.22125330102E-03,9.053195382749E-05
1.3688E-06,8.30711518880E-03,8.932000392397E-05
1.3690E-06,8.45497498754E-03,9.520066066925E-05
1.3692E-06,8.42835057061E-03,9.711359933299E-05
1.3694E-06,8.55171705130E-03,9.789950659779E-05
1.3696E-06,8.54181662667E-03,9.707038033102E-05
1.3698E-06,8.32696656231E-03,9.616353063193E-05
1.3700E-06,8.19281792734E-03,9.828947673832E-05
1.3702E-06,8.44416093547E-03,1.011593947029E-04
1.3704E-06,8.44203100074E-03,1.038734148098E-04
1.3706E-06,8.06898322422E-03,1.045558226602E-04
1.3708E-06,8.14394444693E-03,1.044649579870E-04
1.3710E-06,8.41303892899E-03,1.102297650492E-04
1.3712E-06,8.42819643672E-03,1.131444007000E-04
1.3714E-06,8.27149792109E-03,1.117816040600E-04
1.3716E-06,8.26895168517E-03,1.114480011007E-04
1.3718E-06,8.39141664561E-03,1.146091703167E-04
1.3720E-06,8.33014213946E-03,1.181316195829E-04
1.3722E-06,8.21649168152E-03,1.204176265588E-04
1.3724E-06,8.30091607291E-03,1.192654852597E-04
1.3726E-06,8.36435194593E-03,1.234709668281E-04
1.3728E-06,8.39208766352E-03,1.301182352780E-04
1.3730E-06,8.40718277264E-03,1.296412859419E-04
1.3732E-06,8.33514473867E-03,1.287990045575E-04
1.3734E-06,8.27447442803E-03,1.304711754276E-04
1.3736E-06,8.28165585641E-03,1.299156908719E-04
1.3738E-06,8.23288691696E-03,1.323903308557E-04
1.3740E-06,8.25691340957E-03,1.358120907405E-04
1.3742E-06,8.31962634344E-03,1.409871585975E-04
1.3744E-06,8.31997232977E-03,1.439463315373E-04
1.3746E-06,8.44319073018E-03,1.434140349580E-04
1.3748E-06,8.48272397648E-03,1.512266206397E-04
1.3750E-06,8.38800381403E-03,1.486986247199E-04
1.3752E-06,8.33280851599E-03,1.465397006208E-04
1.3754E-06,8.29540241044E-03,1.476224722648E-04
1.3756E-06,8.35060120094E-03,1.423880398581E-04
1.3758E-06,8.41818145942E-03,1.406502391053E-04
1.3760E-06,8.49045441952E-03,1.491164107183E-04
1.3762E-06,8.54119636584E-03,1.516428246936E-04
1.3764E-06,8.42917642090E-03,1.495965100667E-04
1.3766E-06,8.31892878283E-03,1.513741508434E-04
1.3768E-06,8.24598457198E-03,1.550272562383E-04
1.3770E-06,8.25901237782E-03,1.525356103508E-04
1.3772E-06,8.31975533161E-03,1.550832834402E-04
1.3774E-06,8.28635181766E-03,1.615567183895E-04
1.3776E-06,8.19282817189E-03,1.607034397153E-04
1.3778E-06,8.18865561392E-03,1.595258346601E-04
1.3780E-06,8.18789914716E-03,1.622214611927E-04
1.3782E-06,8.27554242220E-03,1.595866978942E-04
1.3784E-06,8.36446254048E-03,1.607057293719E-04
1.3786E-06,8.40319927316E-03,1.626295681885E-04
1.3788E-06,8.25296530034E-03,1.661432265611E-04
1.3790E-06,8.12859578524E-03,1.667724172426E-04
1.3792E-06,8.24197499547E-03,1.681848231079E-04
1.3794E-06,8.39121501427E-03,1.709863774786E-04
1.3796E-06,8.35248759482E-03,1.743576261522E-04
1.3798E-06,8.34504143800E-03,1.736492757993E-04
1.3800E-06,8.32988230046E-03,1.782440336729E-04
1.3802E-06,8.25384190772E-03,1.825336288968E-04
1.3804E-06,8.25413480867E-03,1.814060979365E-04
1.3806E-06,8.27577990945E-03,1.780370417824E-04
1.3808E-06,8.28829222824E-03,1.776467039092E-04
1.3810E-06,8.33273238037E-03,1.824993187403E-04
1.3812E-06,8.38614675682E-03,1.871503327815E-04
1.3814E-06,8.29827973153E-03,1.860267219907E-04
1.3816E-06,8.20237283129E-03,1.799325721180E-04
1.3818E-06,8.31325889099E-03,1.740367897628E-04
1.3820E-06,8.30545627046E-03,1.665106401155E-04
1.3822E-06,8.25903705787E-03,1.673614279209E-04
1.3824E-06,8.32279470283E-03,1.702245254843E-04
1.3826E-06,8.34555413108E-03,1.702687366707E-04
1.3828E-06,8.41432042885E-03,1.786879425710E-04
1.3830E-06,8.34594994318E-03,1.889208964380E-04
1.3832E-06,8.36164296139E-03,1.900785953580E-04
1.3834E-06,8.48174422514E-03,1.873119547805E-04
1.3836E-06,8.46446097363E-03,1.854518655529E-04
1.3838E-06,8.31671479624E-03,1.825074019218E-04
1.3840E-06,8.32871116232E-03,1.837819635244E-04
1.3842E-06,8.27671844978E-03,1.856501983786E-04
1.3844E-06,8.29203614499E-03,1.891930325264E-04
1.3846E-06,8.34874134976E-03,1.841129784780E-04
1.3848E-06,8.33221968729E-03,1.772986206068E-04
1.3850E-06,8.32341240253E-03,1.746554549625E-04
1.3852E-06,8.21527211461E-03,1.761943123145E-04
1.3854E-06,7.89096743334E-03,1.762468078947E-04
1.3856E-06,8.01636117045E-03,1.763009756180E-04
1.3858E-06,8.09505094308E-03,1.803626251249E-04
1.3860E-06,8.12294242438E-03,1.863584793480E-04
1.3862E-06,8.22675089817E-03,1.859112886088E-04
1.3864E-06,8.48635147791E-03,1.844551572418E-04
1.3866E-06,8.56840262655E-03,1.848992049070E-04
1.3868E-06,8.33403273951E-03,1.826784184510E-04
1.3870E-06,8.40383746195E-03,1.830508831265E-04
1.3872E-06,8.50083005149E-03,1.820767244631E-04
1.3874E-06,8.46115873661E-03,1.804476268897E-04
1.3876E-06,8.42399663757E-03,1.732551912153E-04
1.3878E-06,8.42046226840E-03,1.768901666934E-04
1.3880E-06,8.32674677018E-03,1.793751725769E-04
1.3882E-06,8.37864541914E-03,1.763470809748E-04
1.3884E-06,8.47435930278E-03,1.747117250068E-04
1.3886E-06,8.34373409394E-03,1.761309304582E-04
1.3888E-06,8.26070016716E-03,1.677860065671E-04
1.3890E-06,8.42012536246E-03,1.614722578162E-04
1.3892E-06,8.42165389564E-03,1.648640301386E-04
1.3894E-06,8.31992017571E-03,1.647388691856E-04
1.3896E-06,8.28641002532E-03,1.603700171532E-04
1.3898E-06,8.24676874559E-03,1.576529094791E-04
1.3900E-06,8.27475359198E-03,1.531455540406E-04
1.3902E-06,8.29895354342E-03,1.554362513432E-04
1.3904E-06,8.23084266391E-03,1.603869675500E-04
1.3906E-06,8.18624604959E-03,1.566856475389E-04
1.3908E-06,8.23169924784E-03,1.548163511166E-04
1.3910E-06,8.39091256726E-03,1.558919970719E-04
1.3912E-06,8.32490647677E-03,1.565406082040E-04
1.3914E-06,8.09154125396E-03,1.491232727496E-04
1.3916E-06,8.02814193535E-03,1.445131186703E-04
1.3918E-06,8.27161899302E-03,1.447693173615E-04
1.3920E-06,8.35289434995E-03,1.450268551549E-04
1.3922E-06,8.38571718428E-03,1.426192812929E-04
1.3924E-06,8.40016269591E-03,1.427944400190E-04
1.3926E-06,8.47215998452E-03,1.404341996024E-04
1.3928E-06,8.47158396151E-03,1.409848966943E-04
1.3930E-06,8.20014277939E-03,1.432023249874E-04
1.3932E-06,8.09990080539E-03,1.467605692176E-04
1.3934E-06,8.30343879294E-03,1.444694486754E-04
1.3936E-06,8.39662367012E-03,1.365484928554E-04
1.3938E-06,8.40909477789E-03,1.352890568627E-04
1.3940E-06,8.41056650039E-03,1.389207504997E-04
1.3942E-06,8.22540187742E-03,1.398247485356E-04
1.3944E-06,8.11033208389E-03,1.375998268211E-04
1.3946E-06,8.23459030595E-03,1.313818759127E-04
1.3948E-06,8.40818790253E-03,1.260724121546E-04
1.3950E-06,8.21858901996E-03,1.250787220271E-04
1.3952E-06,8.22213270236E-03,1.238750981474E-04
1.3954E-06,8.42102921102E-03,1.172091447124E-04
1.3956E-06,8.37216760497E-03,1.060510377707E-04
1.3958E-06,8.23580265511E-03,1.035039683180E-04
1.3960E-06,8.24201783631E-03,1.102590171462E-04
1.3962E-06,8.17249344196E-03,1.098438469069E-04
1.3964E-06,8.25571386609E-03,1.080916351946E-04
1.3966E-06,8.32316979300E-03,1.032954777433E-04
1.3968E-06,8.34462536964E-03,9.653963100445E-05
1.3970E-06,8.26204639394E-03,8.912816539687E-05
1.3972E-06,8.25053059030E-03,8.881228299160E-05
1.3974E-06,8.38247804437E-03,8.673994260189E-05
1.3976E-06,8.34273222368E-03,8.523055937421E-05
1.3978E-06,8.34092615638E-03,8.612858348806E-05
1.3980E-06,8.31005490851E-03,8.222517006379E-05
1.3982E-06,8.17583689000E-03,7.203197296058E-05
1.3984E-06,8.12024158891E-03,6.614503006731E-05
1.3986E-06,8.30470469315E-03,6.112091302220E-05
1.3988E-06,8.35131110158E-03,5.591296430957E-05
1.3990E-06,8.38564710226E-03,5.387256809790E-05
1.3992E-06,8.35344778839E-03,5.569265078102E-05
1.3994E-06,8.32191250753E-03,5.823930393253E-05
1.3996E-06,8.23969139252E-03,5.492601826136E-05
1.3998E-06,8.33896362688E-03,5.549699615967E-05
1.4000E-06,8.36529723834E-03,5.761693365221E-05
1.4002E-06,8.32966320682E-03,6.170300616232E-05
1.4004E-06,8.30503461417E-03,6.255306544062E-05
1.4006E-06,8.38345337193E-03,6.005636843201E-05
1.4008E-06,8.51837197784E-03,5.680074741413E-05
1.4010E-06,8.48626905586E-03,5.608860872035E-05
1.4012E-06,8.38047197554E-03,4.713018870261E-05
1.4014E-06,8.32247968297E-03,4.011690824573E-05
1.4016E-06,8.46429356839E-03,2.812166123931E-05
1.4018E-06,8.38616095949E-03,1.631252861862E-05
1.4020E-06,8.31585239153E-03,-5.325440009998E-07
1.4022E-06,8.46109377686E-03,-1.811573944706E-05
1.4024E-06,8.44936842564E-03,-3.265251216199E-05
1.4026E-06,8.12227280345E-03,-4.349026146065E-05
1.4028E-06,8.12990033533E-03,-4.577458935510E-05
1.4030E-06,8.39694567490E-03,-4.782295773457E-05
1.4032E-06,8.49811617751E-03,-4.846503293793E-05
1.4034E-06,8.23212346528E-03,-4.538155246246E-05
1.4036E-06,8.37540674489E-03,-3.872448705788E-05
1.4038E-06,8.37525913026E-03,-3.881250006798E-05
1.4040E-06,8.25687266420E-03,-3.933044119458E-05
1.4042E-06,8.25362444390E-03,-3.966817941237E-05
1.4044E-06,8.35790300276E-03,-4.692264396417E-05
1.4046E-06,8.35424337070E-03,-5.536822254490E-05
1.4048E-06,8.17352162208E-03,-6.268076111283E-05
1.4050E-06,8.16700189840E-03,-7.379596821684E-05
1.4052E-06,8.24688329827E-03,-8.780163081083E-05
1.4054E-06,8.27444020193E-03,-9.984104737359E-05
1.4056E-06,8.31434760708E-03,-1.013659933275E-04
1.4058E-06,8.33923790138E-03,-1.014012401616E-04
1.4060E-06,8.24895339552E-03,-1.027297752136E-04
1.4062E-06,8.30789843108E-03,-1.098198424252E-04
1.4064E-06,8.31819117535E-03,-1.139455953771E-04
1.4066E-06,8.25769641902E-03,-1.149794932613E-04
1.4068E-06,8.47026427742E-03,-1.108309408808E-04
1.4070E-06,8.46655854490E-03,-1.122941563064E-04
1.4072E-06,8.35533301812E-03,-1.181195560070E-04
1.4074E-06,8.19879003335E-03,-1.185185251916E-04
1.4076E-06,8.16071197856E-03,-1.155901030330E-04
1.4078E-06,8.14844832290E-03,-1.165656563053E-04
1.4080E-06,8.10774975922E-03,-1.218483518967E-04
1.4082E-06,8.10811833013E-03,-1.264643896995E-04
1.4084E-06,8.37666193489E-03,-1.288479152294E-04
1.4086E-06,8.47199094947E-03,-1.369809209993E-04
1.4088E-06,8.45859061461E-03,-1.426829082118E-04
1.4090E-06,8.32370204385E-03,-1.499279643567E-04
1.4092E-06,8.30512006301E-03,-1.585942588905E-04
1.4094E-06,8.24381924700E-03,-1.665881506791E-04
1.4096E-06,8.29755213577E-03,-1.735299036531E-04
1.4098E-06,8.34501885343E-03,-1.842646461604E-04
1.4100E-06,8.56470806990E-03,-1.922026703292E-04
1.4102E-06,8.49681791384E-03,-1.987507897122E-04
1.4104E-06,8.34084187169E-03,-2.058105293820E-04
1.4106E-06,8.30955595244E-03,-2.115255121300E-04
1.4108E-06,8.25338835362E-03,-2.144208383439E-04
1.4110E-06,8.24063505512E-03,-2.135782724870E-04
1.4112E-06,8.27971893828E-03,-2.166838446790E-04
1.4114E-06,8.39381945785E-03,-2.227887628758E-04
1.4116E-06,8.45780341420E-03,-2.236975969439E-04
1.4118E-06,8.41093833092E-03,-2.277007145034E-04
1.4120E-06,8.43276806641E-03,-2.335372016923E-04
1.4122E-06,8.36976479273E-03,-2.309355759686E-04
1.4124E-06,8.41059560422E-03,-2.282447368996E-04
1.4126E-06,8.26134091709E-03,-2.273631289294E-04
1.4128E-06,8.20654911455E-03,-2.213345811861E-04
1.4130E-06,8.29059003387E-03,-2.151659203386E-04
1.4132E-06,8.27715873252E-03,-2.177607603529E-04
1.4134E-06,8.39573495556E-03,-2.187161854627E-04
1.4136E-06,8.35182030219E-03,-2.107605517534E-04
1.4138E-06,8.33437500056E-03,-2.106801084867E-04
1.4140E-06,8.18655967247E-03,-2.083083226504E-04
1.4142E-06,8.14965461846E-03,-2.077560227988E-04
1.4144E-06,8.21763162035E-03,-2.096281500691E-04
1.4146E-06,8.29803432803E-03,-2.118439062191E-04
1.4148E-06,8.33036984783E-03,-2.117968503078E-04
1.4150E-06,8.32253626082E-03,-2.157950138831E-04
1.4152E-06,8.33693380933E-03,-2.200732926531E-04
1.4154E-06,8.36105785798E-03,-2.192468515290E-04
1.4156E-06,8.40843703132E-03,-2.185485895416E-04
1.4158E-06,8.33445136901E-03,-2.241063838983E-04
1.4160E-06,8.22161511984E-03,-2.316829129280E-04
1.4162E-06,8.22472317610E-03,-2.313159711817E-04
1.4164E-06,8.24586815666E-03,-2.283791536158E-04
1.4166E-06,8.10103166383E-03,-2.326971267043E-04
1.4168E-06,8.13623705413E-03,-2.380212789560E-04
1.4170E-06,8.21301947813E-03,-2.370760671021E-04
1.4172E-06,8.23327853810E-03,-2.345498890309E-04
1.4174E-06,8.25458882842E-03,-2.330740319258E-04
1.4176E-06,8.33509654272E-03,-2.328871126911E-04
1.4178E-06,8.32079911139E-03,-2.301770890756E-04
1.4180E-06,8.16725684795E-03,-2.278349300073E-04
1.4182E-06,8.24398152996E-03,-2.240717892693E-04
1.4184E-06,8.39447208214E-03,-2.135136070354E-04
1.4186E-06,8.38694722857E-03,-2.048641935149E-04
1.4188E-06,8.24366953690E-03,-2.080228232937E-04
1.4190E-06,8.35385477636E-03,-2.071899017477E-04
1.4192E-06,8.39966048021E-03,-2.026650894126E-04
1.4194E-06,8.39899225626E-03,-1.938672159491E-04
1.4196E-06,8.43068656046E-03,-1.830419279328E-04
1.4198E-06,8.35585269611E-03,-1.709290758399E-04
1.4200E-06,8.32372392993E-03,-1.645897453809E-04
1.4202E-06,8.39357382152E-03,-1.617263564067E-04
1.4204E-06,8.52033567149E-03,-1.589335443610E-04
1.4206E-06,8.46359763760E-03,-1.525379577344E-04
1.4208E-06,8.38096511084E-03,-1.489337122226E-04
1.4210E-06,8.38476607110E-03,-1.426781970700E-04
1.4212E-06,8.44782033469E-03,-1.371369159939E-04
1.4214E-06,8.52376759518E-03,-1.346436881619E-04
1.4216E-06,8.39409396518E-03,-1.336430041743E-04
1.4218E-06,8.26509065460E-03,-1.258415823029E-04
1.4220E-06,8.30003085080E-03,-1.194289342659E-04
1.4222E-06,8.36652169470E-03,-1.188313894132E-04
1.4224E-06,8.31332082394E-03,-1.127943838173E-04
1.4226E-06,8.25958653819E-03,-1.080327307964E-04
1.4228E-06,8.39389815461E-03,-1.045980447596E-04
1.4230E-06,8.57821410987E-03,-1.003836751608E-04
1.4232E-06,8.44577352051E-03,-9.565582579653E-05
1.4234E-06,8.16788153257E-03,-9.630339617561E-05
1.4236E-06,8.20248575415E-03,-9.000079735834E-05
1.4238E-06,8.24827911798E-03,-8.207859957311E-05
1.4240E-06,8.14892120194E-03,-7.325725366081E-05
1.4242E-06,8.37165444624E-03,-6.982240804191E-05
1.4244E-06,8.39838363696E-03,-6.791652568336E-05
1.4246E-06,8.34322116803E-03,-6.062575966771E-05
1.4248E-06,8.45408650581E-03,-4.706895301770E-05
1.4250E-06,8.54093885515E-03,-4.057518175523E-05
1.4252E-06,8.41287431773E-03,-3.225622812006E-05
1.4254E-06,8.33111979533E-03,-2.326209639850E-05
1.4256E-06,8.15896062646E-03,-1.506769314128E-05
1.4258E-06,8.19743100088E-03,-5.054296522394E-06
1.4260E-06,8.32836517598E-03,1.167414973496E-06
1.4262E-06,8.28184933867E-03,4.273021857260E-06
1.4264E-06,8.17559963558E-03,1.372987235245E-05
1.4266E-06,8.22966477368E-03,2.200680732076E-05
1.4268E-06,8.30133470241E-03,2.857444429119E-05
1.4270E-06,8.42820551712E-03,3.637821132597E-05
1.4272E-06,8.45117426012E-03,4.022632607539E-05
1.4274E-06,8.38545944076E-03,4.495255186503E-05
1.4276E-06,8.31286959816E-03,5.579824557808E-05
1.4278E-06,8.47026986536E-03,6.393331897725E-05
1.4280E-06,8.31629430409E-03,6.652715293039E-05
1.4282E-06,8.18319946062E-03,7.098209604901E-05
1.4284E-06,8.34481256548E-03,7.624010497984E-05
1.4286E-06,8.45781202894E-03,8.056992877555E-05
1.4288E-06,8.32019002642E-03,8.250279438962E-05
1.4290E-06,8.24649330694E-03,8.456061280613E-05
1.4292E-06,8.22752296459E-03,9.086814479251E-05
1.4294E-06,8.33594940137E-03,9.765579000395E-05
1.4296E-06,8.31490127835E-03,1.005260201944E-04
1.4298E-06,8.27768120449E-03,1.068896765197E-04
1.4300E-06,8.29482336063E-03,1.108149180031E-04
1.4302E-06,8.31786497962E-03,1.201127414433E-04
1.4304E-06,8.44223798718E-03,1.273314110311E-04
1.4306E-06,8.30214867834E-03,1.306003814405E-04
1.4308E-06,8.14826811198E-03,1.335733061964E-04
1.4310E-06,8.31963239703E-03,1.371205184450E-04
1.4312E-06,8.53776537347E-03,1.443303624475E-04
1.4314E-06,8.40277156327E-03,1.525150311953E-04
1.4316E-06,8.30777852330E-03,1.575236340826E-04
1.4318E-06,8.24197429698E-03,1.622317993390E-04
1.4320E-06,8.17914331797E-03,1.643355357768E-04
1.4322E-06,8.29738915432E-03,1.664905882748E-04
1.4324E-06,8.42741924804E-03,1.733441964099E-04
1.4326E-06,8.30170723144E-03,1.761876445571E-04
1.4328E-06,8.26777798589E-03,1.817957489127E-04
1.4330E-06,8.23548786808E-03,1.890116015291E-04
1.4332E-06,8.28903914895E-03,1.903304853318E-04
1.4334E-06,8.35141075309E-03,1.927975902641E-04
1.4336E-06,8.25484354515E-03,1.977255625492E-04
1.4338E-06,8.27181107830E-03,2.022034646785E-04
1.4340E-06,8.39105901774E-03,2.063708893797E-04
1.4342E-06,8.29960593488E-03,2.112643780494E-04
1.4344E-06,8.23768136557E-03,2.149223402916E-04
1.4346E-06,8.12299434561E-03,2.214159589103E-04
1.4348E-06,8.21793686133E-03,2.208486514008E-04
1.4350E-06,8.42378266621E-03,2.226000235723E-04
1.4352E-06,8.52825144771E-03,2.277955526328E-04
1.4354E-06,8.47513695713E-03,2.310602420783E-04
1.4356E-06,8.41776934918E-03,2.338634616537E-04
1.4358E-06,8.43605260830E-03,2.324437011341E-04
1.4360E-06,8.36733054835E-03,2.342941668658E-04
1.4362E-06,8.46059621777E-03,2.374752769088E-04
1.4364E-06,8.32339354325E-03,2.433279720908E-04
1.4366E-06,8.28724006656E-03,2.443686695611E-04
1.4368E-06,8.26652535703E-03,2.458579038112E-04
1.4370E-06,8.19630107377E-03,2.478205488371E-04
1.4372E-06,8.22472969536E-03,2.514898483483E-04
1.4374E-06,8.48303759936E-03,2.504454804892E-04
1.4376E-06,8.50802591536E-03,2.512471100623E-04
1.4378E-06,8.38862733450E-03,2.560311600873E-04
1.4380E-06,8.36950029712E-03,2.562345232191E-04
1.4382E-06,8.42054445762E-03,2.535501298802E-04
1.4384E-06,8.29058398027E-03,2.516391339554E-04
1.4386E-06,8.29525502864E-03,2.539852617616E-04
1.4388E-06,8.36883952375E-03,2.629654543316E-04
1.4390E-06,8.26806692872E-03,2.656582985846E-04
1.4392E-06,8.14586250577E-03,2.640988828922E-04
1.4394E-06,8.20100169163E-03,2.570964054512E-04
1.4396E-06,8.36981135886E-03,2.563678644905E-04
1.4398E-06,8.50244286936E-03,2.615234841434E-04
1.4400E-06,8.44425010960E-03,2.621462984784E-04
1.4402E-06,8.49199412856E-03,2.597952513797E-04
1.4404E-06,8.47479702439E-03,2.575788638396E-04
1.4406E-06,8.45508604776E-03,2.574529257910E-04
1.4408E-06,8.43389543239E-03,2.574844050994E-04
1.4410E-06,8.28457485419E-03,2.596464028889E-04
1.4412E-06,8.24376220349E-03,2.579660100704E-04
1.4414E-06,8.19354645442E-03,2.575320022022E-04
1.4416E-06,8.26718519907E-03,2.590288131340E-04
1.4418E-06,8.28118786681E-03,2.525964740506E-04
1.4420E-06,8.33974151406E-03,2.508646402815E-04
1.4422E-06,8.48815614823E-03,2.547759911819E-04
1.4424E-06,8.40496203396E-03,2.566005213494E-04
1.4426E-06,8.49769452121E-03,2.610954987658E-04
1.4428E-06,8.38404685724E-03,2.580701547517E-04
1.4430E-06,8.38800148573E-03,2.539517980842E-04
1.4432E-06,8.36832613218E-03,2.517613669233E-04
1.4434E-06,8.22457486298E-03,2.463098750757E-04
1.4436E-06,8.20763992611E-03,2.388046376249E-04
1.4438E-06,8.29291182104E-03,2.361829184303E-04
1.4440E-06,8.30126671586E-03,2.394242603174E-04
1.4442E-06,8.18993664812E-03,2.386358413687E-04
1.4444E-06,8.10607756954E-03,2.370726442738E-04
1.4446E-06,8.22361792903E-03,2.367627080372E-04
1.4448E-06,8.34921818692E-03,2.339839392183E-04
1.4450E-06,8.36093399208E-03,2.339781456934E-04
1.4452E-06,8.34269846324E-03,2.351778979721E-04
1.4454E-06,8.27049255837E-03,2.321589303045E-04
1.4456E-06,8.31310824957E-03,2.293903539265E-04
1.4458E-06,8.29147153068E-03,2.300381740863E-04
1.4460E-06,8.32982060034E-03,2.230007759137E-04
1.4462E-06,8.44979287591E-03,2.122274353476E-04
1.4464E-06,8.41090224218E-03,2.112899181275E-04
1.4466E-06,8.25035969261E-03,2.087565519223E-04
1.4468E-06,8.24982418213E-03,2.083530728081E-04
1.4470E-06,8.20726856124E-03,2.052797015132E-04
1.4472E-06,8.19315203931E-03,2.032540631788E-04
1.4474E-06,8.23595539201E-03,2.020718441187E-04
1.4476E-06,8.21058965754E-03,2.009659191901E-04
1.4478E-06,8.20787089411E-03,1.929680725401E-04
1.4480E-06,8.20293628145E-03,1.870711592333E-04
1.4482E-06,8.27877737116E-03,1.877623510389E-04
1.4484E-06,8.28471455257E-03,1.891663684351E-04
1.4486E-06,8.28444144223E-03,1.830221375292E-04
1.4488E-06,8.25714880135E-03,1.803801722201E-04
1.4490E-06,8.04835722316E-03,1.770455580512E-04
1.4492E-06,8.12294754665E-03,1.742138149059E-04
1.4494E-06,8.15452753100E-03,1.741710885270E-04
1.4496E-06,8.03193986881E-03,1.670458438648E-04
1.4498E-06,8.24273681734E-03,1.602208078681E-04
1.4500E-06,8.31328613218E-03,1.571776947314E-04
1.4502E-06,8.34794763010E-03,1.588696954148E-04
1.4504E-06,8.24275544379E-03,1.584666811703E-04
1.4506E-06,8.21378805209E-03,1.526959279394E-04
1.4508E-06,8.27188488562E-03,1.472831659792E-04
1.4510E-06,8.31896021496E-03,1.476716998806E-04
1.4512E-06,8.36746349465E-03,1.480060799355E-04
1.4514E-06,8.31879932899E-03,1.402706626179E-04
1.4516E-06,8.24206160847E-03,1.360171953989E-04
1.4518E-06,8.39924441185E-03,1.286129595554E-04
1.4520E-06,8.46692711580E-03,1.211336021619E-04
1.4522E-06,8.30956596415E-03,1.238637192482E-04
1.4524E-06,8.20458542090E-03,1.258815935655E-04
1.4526E-06,8.29651394393E-03,1.220246740459E-04
1.4528E-06,8.38938124012E-03,1.144222302670E-04
1.4530E-06,8.34078226704E-03,1.124651706154E-04
1.4532E-06,8.21418107021E-03,1.132056177901E-04
1.4534E-06,8.37056456599E-03,1.078395509468E-04
1.4536E-06,8.48857966717E-03,1.006041044211E-04
1.4538E-06,8.31354387570E-03,9.869467656408E-05
1.4540E-06,8.29921547789E-03,9.558737672214E-05
1.4542E-06,8.42316380236E-03,9.223544442375E-05
1.4544E-06,8.44879123848E-03,9.045868481789E-05
1.4546E-06,8.35953840520E-03,8.766634458025E-05
1.4548E-06,8.39960343670E-03,8.423235237878E-05
1.4550E-06,8.54273817036E-03,8.423858301994E-05
1.4552E-06,8.52532267105E-03,8.348164337967E-05
1.4554E-06,8.30818364862E-03,7.736866281648E-05
1.4556E-06,8.14763597678E-03,6.740744955186E-05
1.4558E-06,8.28323957045E-03,6.767021192518E-05
1.4560E-06,8.32864736672E-03,6.469330455456E-05
1.4562E-06,8.22067029308E-03,5.872972061206E-05
1.4564E-06,8.07779283728E-03,5.779336209689E-05
1.4566E-06,8.13289383892E-03,5.645753483568E-05
1.4568E-06,8.22640258353E-03,5.308265740332E-05
1.4570E-06,8.41353788506E-03,4.622532337253E-05
1.4572E-06,8.25315249618E-03,4.379714260158E-05
1.4574E-06,8.24635011610E-03,4.535926425178E-05
1.4576E-06,8.30501761753E-03,4.130330419448E-05
1.4578E-06,8.26892025303E-03,3.503184470628E-05
1.4580E-06,8.32095557358E-03,3.559197795857E-05
1.4582E-06,8.43068842310E-03,3.869306103606E-05
1.4584E-06,8.48759293090E-03,3.599709452410E-05
1.4586E-06,8.49557180423E-03,2.877714827937E-05
1.4588E-06,8.40638928581E-03,2.218345779274E-05
1.4590E-06,8.22552434634E-03,2.004938687478E-05
1.4592E-06,8.23593047913E-03,1.710976621416E-05
1.4594E-06,8.29205244314E-03,1.355501891394E-05
1.4596E-06,8.19316531066E-03,1.398059668299E-05
1.4598E-06,8.29659869429E-03,1.345105462988E-05
1.4600E-06,8.27909308951E-03,9.599796806469E-06
1.4602E-06,8.24259502347E-03,2.467440748648E-07
1.4604E-06,8.26705853920E-03,1.500254713937E-06
1.4606E-06,8.36229605134E-03,6.383426052524E-06
1.4608E-06,8.38540123310E-03,3.953427433043E-06
1.4610E-06,8.24716292787E-03,-9.524268114002E-06
1.4612E-06,8.41391181108E-03,-8.993622862727E-06
1.4614E-06,8.39902229141E-03,-3.174703584047E-06
1.4616E-06,8.20858172607E-03,-7.639929342078E-06
1.4618E-06,8.15021899994E-03,-1.437165836524E-05
1.4620E-06,8.14034837764E-03,-1.731706561241E-05
1.4622E-06,8.16639374476E-03,-1.477182788494E-05
1.4624E-06,8.12375803012E-03,-1.598225828912E-05
1.4626E-06,8.03789102007E-03,-2.157339143287E-05
1.4628E-06,8.13845150638E-03,-2.840556699503E-05
1.4630E-06,8.38984527159E-03,-2.906998369563E-05
1.4632E-06,8.33229302894E-03,-2.686487791780E-05
1.4634E-06,8.31188844982E-03,-2.754188772942E-05
1.4636E-06,8.36716663558E-03,-3.177936204429E-05
1.4638E-06,8.26293906663E-03,-3.360536314267E-05
1.4640E-06,8.08991772588E-03,-3.400266018416E-05
1.4642E-06,8.10126076918E-03,-3.586095237824E-05
1.4644E-06,8.20052927825E-03,-3.868828273098E-05
1.4646E-06,8.22917396668E-03,-4.196307441871E-05
1.4648E-06,8.12756387982E-03,-4.295448876637E-05
1.4650E-06,8.32411694806E-03,-4.077075311634E-05
1.4652E-06,8.51941156667E-03,-4.099280123319E-05
1.4654E-06,8.40073103551E-03,-4.561461868416E-05
1.4656E-06,8.22051452938E-03,-4.581428367365E-05
1.4658E-06,8.16588128451E-03,-4.308522815536E-05
1.4660E-06,8.12501880806E-03,-4.633107997197E-05
1.4662E-06,8.13844941091E-03,-5.387354862596E-05
1.4664E-06,8.18345464300E-03,-6.012129976134E-05
1.4666E-06,8.11685646418E-03,-6.427652683760E-05
1.4668E-06,8.15969846677E-03,-6.364330497290E-05
1.4670E-06,8.27558386605E-03,-6.417376288864E-05
1.4672E-06,8.42775405850E-03,-6.729500882048E-05
1.4674E-06,8.44656840432E-03,-6.693780158366E-05
1.4676E-06,8.48189626355E-03,-6.411355185974E-05
1.4678E-06,8.35425873753E-03,-6.342530191596E-05
1.4680E-06,8.27221224550E-03,-6.709363699611E-05
1.4682E-06,8.30851636361E-03,-7.238505409751E-05
1.4684E-06,8.32461636979E-03,-7.169853874202E-05
1.4686E-06,8.36217078846E-03,-7.327911641169E-05
1.4688E-06,8.37032009382E-03,-7.132850249018E-05
1.4690E-06,8.29568762798E-03,-7.595439969282E-05
1.4692E-06,8.27719645109E-03,-7.999517169501E-05
1.4694E-06,8.29210925382E-03,-8.327915670070E-05
1.4696E-06,8.32640544046E-03,-8.116270226147E-05
1.4698E-06,8.29049480613E-03,-8.539377247635E-05
1.4700E-06,8.23008549865E-03,-8.687420889455E-05
1.4702E-06,8.13632087316E-03,-8.666070882882E-05
1.4704E-06,8.11683713924E-03,-9.295441267732E-05
1.4706E-06,8.29851698596E-03,-9.813993663247E-05
1.4708E-06,8.36517337244E-03,-9.343325618374E-05
1.4710E-06,8.31272151787E-03,-9.306299096625E-05
1.4712E-06,8.18688842934E-03,-9.683102324325E-05
1.4714E-06,8.07310921606E-03,-1.001843432123E-04
1.4716E-06,8.09469471220E-03,-1.025239975350E-04
1.4718E-06,8.34551478270E-03,-1.039836882772E-04
1.4720E-06,8.38691859040E-03,-1.031523070456E-04
1.4722E-06,8.31174293067E-03,-1.024231971400E-04
1.4724E-06,8.28508289065E-03,-1.037322701113E-04
1.4726E-06,8.37538206484E-03,-1.086513821194E-04
1.4728E-06,8.35895819124E-03,-1.066050397390E-04
1.4730E-06,8.32855260465E-03,-1.005711355871E-04
1.4732E-06,8.32482428756E-03,-1.015292180860E-04
1.4734E-06,8.31473852973E-03,-1.080263683265E-04
1.4736E-06,8.12061574776E-03,-1.106352515677E-04
1.4738E-06,8.16152828280E-03,-1.071776967188E-04
1.4740E-06,8.36243784521E-03,-1.103934915895E-04
1.4742E-06,8.45519920345E-03,-1.164215952782E-04
1.4744E-06,8.31943495665E-03,-1.128000524519E-04
1.4746E-06,8.16126541700E-03,-1.063410284622E-04
1.4748E-06,8.29161448870E-03,-1.063126505976E-04
1.4750E-06,8.47117604222E-03,-1.075964402100E-04
1.4752E-06,8.34896067623E-03,-1.063780584531E-04
1.4754E-06,8.33963953424E-03,-1.074857110316E-04
1.4756E-06,8.48692587111E-03,-1.062969282893E-04
1.4758E-06,8.52973108645E-03,-1.068883257611E-04
1.4760E-06,8.35795213003E-03,-1.075389628923E-04
1.4762E-06,8.30449933652E-03,-1.114424318233E-04
1.4764E-06,8.28715880867E-03,-1.120609860094E-04
1.4766E-06,8.23850814719E-03,-1.049909081934E-04
1.4768E-06,8.29883316997E-03,-1.041518253898E-04
1.4770E-06,8.38174579199E-03,-1.044908472029E-04
1.4772E-06,8.35373929236E-03,-1.033433684772E-04
1.4774E-06,8.26757705305E-03,-1.051728595672E-04
1.4776E-06,8.23187084403E-03,-1.010783985881E-04
1.4778E-06,8.23613071348E-03,-9.937758619617E-05
1.4780E-06,8.33418128546E-03,-1.020260804957E-04
1.4782E-06,8.46028538886E-03,-1.022970509408E-04
1.4784E-06,8.54169485625E-03,-1.045017265407E-04
1.4786E-06,8.21678318549E-03,-1.002447623918E-04
1.4788E-06,8.01823196467E-03,-9.511694472003E-05
1.4790E-06,8.25002534781E-03,-8.877816932927E-05
1.4792E-06,8.45222805161E-03,-9.408595400582E-05
1.4794E-06,8.41338980477E-03,-1.004094233895E-04
1.4796E-06,8.35195394698E-03,-9.503970003407E-05
1.4798E-06,8.33989448380E-03,-9.164427813794E-05
1.4800E-06,8.37449009064E-03,-9.300717191491E-05
1.4802E-06,8.39954592753E-03,-8.899026090931E-05
1.4804E-06,8.46469729673E-03,-8.351454033236E-05
1.4806E-06,8.50611158181E-03,-8.205412106308E-05
1.4808E-06,8.50831462536E-03,-7.609715630952E-05
1.4810E-06,8.40926520992E-03,-7.757082783337E-05
1.4812E-06,8.36093538906E-03,-7.980107820313E-05
1.4814E-06,8.38878728915E-03,-7.534888961072E-05
1.4816E-06,8.29251251649E-03,-6.849176373053E-05
1.4818E-06,8.35298119578E-03,-6.801751341391E-05
1.4820E-06,8.39556242805E-03,-6.944366415683E-05
1.4822E-06,8.41123798396E-03,-6.574237189907E-05
1.4824E-06,8.40047794860E-03,-5.786247031483E-05
1.4826E-06,8.37687846739E-03,-5.535995896626E-05
1.4828E-06,8.26950372662E-03,-6.036729907337E-05
1.4830E-06,8.27696129214E-03,-5.545393896009E-05
1.4832E-06,8.29355326947E-03,-4.962892780732E-05
1.4834E-06,8.24701903853E-03,-5.080982858035E-05
1.4836E-06,8.18308793474E-03,-4.783947101514E-05
1.4838E-06,8.21358292829E-03,-3.988043751288E-05
1.4840E-06,8.28434179071E-03,-3.328470715042E-05
1.4842E-06,8.18565349560E-03,-3.491286804620E-05
1.4844E-06,8.24410935398E-03,-4.045513436850E-05
1.4846E-06,8.31525494810E-03,-3.605669719818E-05
1.4848E-06,8.22624309454E-03,-2.618323328625E-05
1.4850E-06,8.28318392392E-03,-2.020336502883E-05
1.4852E-06,8.34865822922E-03,-2.055763734225E-05
1.4854E-06,8.30960228573E-03,-2.210177478101E-05
1.4856E-06,8.15388957504E-03,-2.032980957720E-05
1.4858E-06,8.10298953671E-03,-9.571199134917E-06
1.4860E-06,8.35752581712E-03,-6.516797297629E-06
1.4862E-06,8.49143160973E-03,-3.218699681567E-06
1.4864E-06,8.34505005274E-03,1.260250139056E-06
1.4866E-06,8.36760459002E-03,5.509956770582E-06
1.4868E-06,8.27853522729E-03,4.598839984282E-06
1.4870E-06,8.31685356330E-03,7.301730972721E-06
1.4872E-06,8.40301813092E-03,1.409754956421E-05
1.4874E-06,8.45683623571E-03,1.547433392425E-05
1.4876E-06,8.39638990816E-03,2.005870508310E-05
1.4878E-06,8.36873894092E-03,2.744898096007E-05
1.4880E-06,8.25678791385E-03,3.084695617017E-05
1.4882E-06,8.21362926159E-03,3.034062984679E-05
1.4884E-06,8.23756541591E-03,3.131671737228E-05
1.4886E-06,8.30455661286E-03,3.810095585231E-05
1.4888E-06,8.28600792680E-03,4.117775469367E-05
1.4890E-06,8.23087200057E-03,4.279112995882E-05
1.4892E-06,8.25461863074E-03,4.656157678273E-05
1.4894E-06,8.22015992831E-03,5.371205623542E-05
1.4896E-06,8.06564303581E-03,5.482499583904E-05
1.4898E-06,8.21937691886E-03,5.436494833139E-05
1.4900E-06,8.35460821632E-03,6.161646408309E-05
1.4902E-06,8.39189301710E-03,6.950538552646E-05
1.4904E-06,8.20542617235E-03,7.584198227432E-05
1.4906E-06,8.15558597911E-03,7.744052334037E-05
1.4908E-06,8.28114409465E-03,7.765220555757E-05
1.4910E-06,8.41644128319E-03,7.568224056904E-05
1.4912E-06,8.24823325034E-03,7.813998566289E-05
1.4914E-06,8.14333023969E-03,8.383153759223E-05
1.4916E-06,8.15412473399E-03,9.340108081978E-05
1.4918E-06,8.15909962635E-03,9.539818864596E-05
1.4920E-06,8.26364291366E-03,9.564078816493E-05
1.4922E-06,8.18588190246E-03,9.843002002035E-05
1.4924E-06,8.24261225294E-03,1.026624917826E-04
1.4926E-06,8.40217970777E-03,1.020067896536E-04
1.4928E-06,8.33831053693E-03,1.065608402090E-04
1.4930E-06,8.32905551884E-03,1.123325231792E-04
1.4932E-06,8.34403281566E-03,1.121649480732E-04
1.4934E-06,8.23251881171E-03,1.153470849926E-04
1.4936E-06,8.18255358841E-03,1.220774540985E-04
1.4938E-06,8.30221503507E-03,1.229110972332E-04
1.4940E-06,8.36168650072E-03,1.216784987906E-04
1.4942E-06,8.27631774824E-03,1.240598040475E-04
1.4944E-06,8.31671386491E-03,1.296221915940E-04
1.4946E-06,8.32929067779E-03,1.345504761050E-04
1.4948E-06,8.18382833619E-03,1.340556674479E-04
1.4950E-06,8.06456782389E-03,1.337189144762E-04
1.4952E-06,8.17554398905E-03,1.348419424454E-04
1.4954E-06,8.29284127336E-03,1.394555726396E-04
1.4956E-06,8.36659177672E-03,1.374645844409E-04
1.4958E-06,8.33459293004E-03,1.395849243579E-04
1.4960E-06,8.33562343847E-03,1.471717360271E-04
1.4962E-06,8.20985298138E-03,1.504466248518E-04
1.4964E-06,8.08741875458E-03,1.433499245746E-04
1.4966E-06,8.21790612768E-03,1.360987626789E-04
1.4968E-06,8.34044373128E-03,1.372054438880E-04
1.4970E-06,8.41408154461E-03,1.465356000541E-04
1.4972E-06,8.43376202043E-03,1.485299949842E-04
1.4974E-06,8.22032151278E-03,1.455326402867E-04
1.4976E-06,8.23657192755E-03,1.498978080535E-04
1.4978E-06,8.31889385823E-03,1.533335764734E-04
1.4980E-06,8.25789432507E-03,1.541546681272E-04
1.4982E-06,8.21441133972E-03,1.536379828425E-04
1.4984E-06,8.07758911047E-03,1.527152859448E-04
1.4986E-06,8.15657946747E-03,1.504176988574E-04
1.4988E-06,8.28620979097E-03,1.487851598607E-04
1.4990E-06,8.35550391581E-03,1.527907335972E-04
1.4992E-06,8.28190405387E-03,1.512648093356E-04
1.4994E-06,8.33996968809E-03,1.452266450347E-04
1.4996E-06,8.25072942767E-03,1.431538328370E-04
1.4998E-06,8.27416685875E-03,1.441270756377E-04
1.5000E-06,8.38514651637E-03,1.534807875129E-04
1.5002E-06,8.26287736650E-03,1.578580280142E-04
1.5004E-06,8.25764612760E-03,1.524718954535E-04
1.5006E-06,8.42936780769E-03,1.503697964670E-04
1.5008E-06,8.41289154719E-03,1.519655483151E-04
1.5010E-06,8.28628033865E-03,1.523971693898E-04
1.5012E-06,8.27395544853E-03,1.529768896131E-04
1.5014E-06,8.35393370595E-03,1.474316397989E-04
1.5016E-06,8.29431928228E-03,1.462843345320E-04
1.5018E-06,8.28836184461E-03,1.449912960948E-04
1.5020E-06,8.39122223202E-03,1.418885894427E-04
1.5022E-06,8.33707723301E-03,1.375569894286E-04
1.5024E-06,8.25030101929E-03,1.423558736527E-04
1.5026E-06,8.18803512026E-03,1.475153440917E-04
1.5028E-06,8.20456726011E-03,1.449301692033E-04
1.5030E-06,8.16090266686E-03,1.377210745430E-04
1.5032E-06,8.36556895170E-03,1.341924085124E-04
1.5034E-06,8.41114787850E-03,1.346610110095E-04
1.5036E-06,8.21005624253E-03,1.344405448372E-04
1.5038E-06,8.18233379628E-03,1.314824126503E-04
1.5040E-06,8.31235946622E-03,1.347506337175E-04
1.5042E-06,8.36723834742E-03,1.377078153500E-04
1.5044E-06,8.30480085220E-03,1.359311043127E-04
1.5046E-06,8.17164384294E-03,1.284514624467E-04
1.5048E-06,8.16679444630E-03,1.211572688846E-04
1.5050E-06,8.18696782458E-03,1.137281312915E-04
1.5052E-06,8.21433287579E-03,1.104014754137E-04
1.5054E-06,8.32636236679E-03,1.131556547089E-04
1.5056E-06,8.26082519721E-03,1.165324124349E-04
1.5058E-06,8.26182264369E-03,1.136598509578E-04
1.5060E-06,8.29545130487E-03,1.083053989178E-04
1.5062E-06,8.42244249303E-03,1.078335770248E-04
1.5064E-06,8.42096122447E-03,1.083006877760E-04
1.5066E-06,8.26708810870E-03,1.052514758268E-04
1.5068E-06,8.03848823067E-03,1.053458651835E-04
1.5070E-06,8.17474933807E-03,9.822009320651E-05
1.5072E-06,8.28661282081E-03,9.239437434171E-05
1.5074E-06,8.23606458958E-03,8.614731704165E-05
1.5076E-06,8.22669851128E-03,8.566002262105E-05
1.5078E-06,8.28118437435E-03,7.983691257705E-05
1.5080E-06,8.25431385543E-03,7.774979349506E-05
1.5082E-06,8.21646932978E-03,7.826690201928E-05
1.5084E-06,8.26674794312E-03,7.529242307228E-05
1.5086E-06,8.33046554122E-03,6.895838657674E-05
1.5088E-06,8.39089766610E-03,6.535372476374E-05
1.5090E-06,8.23937497567E-03,6.271839252022E-05
1.5092E-06,8.39810400735E-03,5.557209689450E-05
1.5094E-06,8.40711036231E-03,5.445510529262E-05
1.5096E-06,8.35866459180E-03,4.976001189370E-05
1.5098E-06,8.25256390031E-03,4.459635762778E-05
1.5100E-06,8.02355959546E-03,4.249992033747E-05
1.5102E-06,8.27116008382E-03,4.633880013880E-05
1.5104E-06,8.43098481651E-03,3.874250374083E-05
1.5106E-06,8.13967456575E-03,3.447983626556E-05
1.5108E-06,8.16439233255E-03,3.210021009017E-05
1.5110E-06,8.38655514177E-03,2.849084407371E-05
1.5112E-06,8.43419019598E-03,2.389726572019E-05
1.5114E-06,8.37042719591E-03,2.127800270264E-05
1.5116E-06,8.18928705063E-03,1.488984011394E-05
1.5118E-06,8.27858668286E-03,1.048791295197E-05
1.5120E-06,8.45387905370E-03,7.407388214959E-06
1.5122E-06,8.45823508222E-03,6.388983673422E-06
1.5124E-06,8.33405276295E-03,2.866555222317E-06
1.5126E-06,8.32198305521E-03,-2.916423386888E-06
1.5128E-06,8.15295708831E-03,-4.451561781572E-06
1.5130E-06,8.21369003039E-03,-4.041935286478E-06
1.5132E-06,8.28183350619E-03,-8.476562906982E-06
1.5134E-06,8.34397903178E-03,-1.500211876537E-05
1.5136E-06,8.44409551006E-03,-1.809518110658E-05
1.5138E-06,8.41409155633E-03,-1.784559466596E-05
1.5140E-06,8.20085593965E-03,-2.407004681136E-05
1.5142E-06,8.08391535189E-03,-2.701831959839E-05
1.5144E-06,8.23430858087E-03,-3.370044633466E-05
1.5146E-06,8.37584656197E-03,-3.859161065611E-05
1.5148E-06,8.42743764166E-03,-4.036391583923E-05
1.5150E-06,8.32550857682E-03,-4.079072863515E-05
1.5152E-06,8.27872405294E-03,-4.040802295040E-05
1.5154E-06,8.35515909362E-03,-5.016296591330E-05
1.5156E-06,8.43808871228E-03,-6.004324328806E-05
1.5158E-06,8.45961180981E-03,-6.470755815226E-05
1.5160E-06,8.36511772592E-03,-6.475412144046E-05
1.5162E-06,8.22828129399E-03,-6.176285167876E-05
1.5164E-06,8.27851566952E-03,-6.309065126534E-05
1.5166E-06,8.26547994744E-03,-6.930362043622E-05
1.5168E-06,8.31748406868E-03,-7.496171562653E-05
1.5170E-06,8.42640387360E-03,-7.802243830356E-05
1.5172E-06,8.44086754601E-03,-8.116990427207E-05
1.5174E-06,8.33082107361E-03,-8.872955922689E-05
1.5176E-06,8.29534443561E-03,-9.572740184795E-05
1.5178E-06,8.35020306054E-03,-9.746823466103E-05
1.5180E-06,8.26687530149E-03,-1.008589384770E-04
1.5182E-06,8.27989542391E-03,-1.031074367156E-04
1.5184E-06,8.16673134919E-03,-1.016252240790E-04
1.5186E-06,8.17155699711E-03,-1.051652828855E-04
1.5188E-06,8.13192456495E-03,-1.125847692294E-04
1.5190E-06,8.14458170440E-03,-1.161556898309E-04
1.5192E-06,8.26739171985E-03,-1.147974933190E-04
1.5194E-06,8.30468327273E-03,-1.195297138458E-04
1.5196E-06,8.25725986157E-03,-1.239338127123E-04
1.5198E-06,8.34717370104E-03,-1.206984794391E-04
1.5200E-06,8.38257909287E-03,-1.223078373978E-04
1.5202E-06,8.43254850712E-03,-1.300957156038E-04
1.5204E-06,8.39929633308E-03,-1.322045447929E-04
1.5206E-06,8.35163007956E-03,-1.336293841870E-04
1.5208E-06,8.37795181665E-03,-1.392082295073E-04
1.5210E-06,8.28434528317E-03,-1.422781732557E-04
1.5212E-06,8.36939855013E-03,-1.455931865768E-04
1.5214E-06,8.49822979886E-03,-1.502028341563E-04
1.5216E-06,8.38638936635E-03,-1.516520132935E-04
1.5218E-06,8.09746330138E-03,-1.565072300071E-04
1.5220E-06,8.05740222800E-03,-1.551112194704E-04
1.5222E-06,8.31702935044E-03,-1.531909608440E-04
1.5224E-06,8.36363925133E-03,-1.502502578003E-04
1.5226E-06,8.26382615138E-03,-1.506120998571E-04
1.5228E-06,8.11194140930E-03,-1.529635077501E-04
1.5230E-06,8.13043049071E-03,-1.594321621740E-04
1.5232E-06,8.32189644221E-03,-1.657530990587E-04
1.5234E-06,8.37121719029E-03,-1.682669337997E-04
1.5236E-06,8.28593784477E-03,-1.670362156508E-04
1.5238E-06,8.21778109763E-03,-1.666198311998E-04
1.5240E-06,8.16055039409E-03,-1.693810182316E-04
1.5242E-06,8.11567042489E-03,-1.740174825462E-04
1.5244E-06,8.22628221009E-03,-1.724937646808E-04
1.5246E-06,8.39270140510E-03,-1.729758414598E-04
1.5248E-06,8.45961180981E-03,-1.766993225710E-04
1.5250E-06,8.36323040072E-03,-1.740386514617E-04
1.5252E-06,8.29212741461E-03,-1.726658774698E-04
1.5254E-06,8.24095240328E-03,-1.799997167820E-04
1.5256E-06,8.27044459525E-03,-1.802188438522E-04
1.5258E-06,8.30437430646E-03,-1.848351453124E-04
1.5260E-06,8.27325323131E-03,-1.802947424976E-04
1.5262E-06,8.28646893147E-03,-1.774515649462E-04
1.5264E-06,8.19673274178E-03,-1.755118164858E-04
1.5266E-06,8.18150561768E-03,-1.757442860091E-04
1.5268E-06,8.29798706341E-03,-1.736589917140E-04
1.5270E-06,8.37781770620E-03,-1.750148291858E-04
1.5272E-06,8.29986949917E-03,-1.769058634685E-04
1.5274E-06,8.19268474821E-03,-1.781435616007E-04
1.5276E-06,8.13482307363E-03,-1.771261700587E-04
1.5278E-06,8.28996488359E-03,-1.729306450272E-04
1.5280E-06,8.25221069623E-03,-1.738983718371E-04
1.5282E-06,8.22891203221E-03,-1.764541974915E-04
1.5284E-06,8.30722624902E-03,-1.730988584617E-04
1.5286E-06,8.28416018281E-03,-1.766549101723E-04
1.5288E-06,8.38094299193E-03,-1.786725000171E-04
1.5290E-06,8.33139057737E-03,-1.763247833280E-04
1.5292E-06,8.22931692470E-03,-1.724935426535E-04
1.5294E-06,8.39738176670E-03,-1.695696096094E-04
1.5296E-06,8.52478296962E-03,-1.625324334642E-04
1.5298E-06,8.56057555880E-03,-1.580905066961E-04
1.5300E-06,8.55554827955E-03,-1.617468453636E-04
1.5302E-06,8.51893775631E-03,-1.639201318538E-04
1.5304E-06,8.34386261646E-03,-1.630983671797E-04
1.5306E-06,8.23305758182E-03,-1.594934625244E-04
1.5308E-06,8.28364888672E-03,-1.542799006840E-04
1.5310E-06,8.40009331237E-03,-1.513955162531E-04
1.5312E-06,8.35129852872E-03,-1.487477296656E-04
1.5314E-06,8.17272766959E-03,-1.464791102027E-04
1.5316E-06,8.27107812744E-03,-1.448421167834E-04
1.5318E-06,8.33580132108E-03,-1.423033386627E-04
1.5320E-06,8.22940074373E-03,-1.399355770713E-04
1.5322E-06,8.30148650799E-03,-1.388753689518E-04
1.5324E-06,8.31381442491E-03,-1.385493565509E-04
1.5326E-06,8.12615409028E-03,-1.355268086931E-04
1.5328E-06,8.14650348853E-03,-1.297323679244E-04
1.5330E-06,8.34107726347E-03,-1.238895945875E-04
1.5332E-06,8.37431826163E-03,-1.229401919683E-04
1.5334E-06,8.33959133830E-03,-1.243037310122E-04
1.5336E-06,8.29087548423E-03,-1.257284871461E-04
1.5338E-06,8.26152927708E-03,-1.176441747388E-04
1.5340E-06,8.30131956842E-03,-1.092373329839E-04
1.5342E-06,8.48339173477E-03,-1.076687725419E-04
1.5344E-06,8.46857532393E-03,-1.051134117572E-04
1.5346E-06,8.36936572101E-03,-9.798462159652E-05
1.5348E-06,8.36002339143E-03,-8.928847132902E-05
1.5350E-06,8.47031224053E-03,-8.905197062250E-05
1.5352E-06,8.28516042326E-03,-9.024302914459E-05
1.5354E-06,8.18779251072E-03,-9.282769753318E-05
1.5356E-06,8.28706264961E-03,-9.012818552274E-05
1.5358E-06,8.36243458558E-03,-8.066772708389E-05
1.5360E-06,8.39947770815E-03,-7.451469834614E-05
1.5362E-06,8.38760753628E-03,-6.913095951732E-05
1.5364E-06,8.34908058401E-03,-6.307120306137E-05
1.5366E-06,8.40753201861E-03,-5.779625761043E-05
1.5368E-06,8.34172592964E-03,-5.400654991809E-05
1.5370E-06,8.28021253925E-03,-5.127371993567E-05
1.5372E-06,8.21817108896E-03,-4.510825766902E-05
1.5374E-06,8.26956589240E-03,-4.279698814917E-05
1.5376E-06,8.30487885047E-03,-3.994701101165E-05
1.5378E-06,8.30321364570E-03,-3.450816084351E-05
1.5380E-06,8.18711683620E-03,-3.630595059785E-05
1.5382E-06,8.20155140478E-03,-3.269564790371E-05
1.5384E-06,8.25847197790E-03,-2.475751272123E-05
1.5386E-06,8.22607382666E-03,-2.381443788018E-05
1.5388E-06,8.16401933785E-03,-1.819504482392E-05
1.5390E-06,8.35294440854E-03,-6.190972232254E-06
1.5392E-06,8.44865922350E-03,-3.453077252016E-06
1.5394E-06,8.43376853969E-03,-1.950625439168E-06
1.5396E-06,8.32525246311E-03,3.253756959929E-06
1.5398E-06,8.39388628025E-03,7.350354951812E-06
1.5400E-06,8.44020863529E-03,1.587675147039E-05
1.5402E-06,8.33937201183E-03,2.033152113017E-05
1.5404E-06,8.27131025959E-03,1.998902320210E-05
1.5406E-06,8.36842857767E-03,2.385898682569E-05
1.5408E-06,8.37764494587E-03,2.620462894720E-05
1.5410E-06,8.31247751135E-03,2.892326305900E-05
1.5412E-06,8.45188974868E-03,3.380859222543E-05
1.5414E-06,8.55152403470E-03,3.934720203561E-05
1.5416E-06,8.30413192976E-03,4.645920831990E-05
1.5418E-06,8.15710007679E-03,5.244081116561E-05
1.5420E-06,8.19969714153E-03,5.285711929482E-05
1.5422E-06,8.19028379861E-03,5.150291927439E-05
1.5424E-06,8.13585404772E-03,5.587796031777E-05
1.5426E-06,8.10356928501E-03,6.374415171613E-05
1.5428E-06,8.18758249748E-03,7.106503712293E-05
1.5430E-06,8.27247720677E-03,7.587624386233E-05
1.5432E-06,8.22133455891E-03,7.533596123849E-05
1.5434E-06,8.14335654955E-03,8.152063580510E-05
1.5436E-06,8.18619086873E-03,8.330159311463E-05
1.5438E-06,8.26939406339E-03,8.710509425309E-05
1.5440E-06,8.38515908923E-03,9.907245601807E-05
1.5442E-06,8.35984131787E-03,9.846152014379E-05
1.5444E-06,8.33071723115E-03,9.134900735971E-05
1.5446E-06,8.37225025985E-03,9.438520295826E-05
1.5448E-06,8.34643888753E-03,1.088343789643E-04
1.5450E-06,8.38943455834E-03,1.217945358092E-04
1.5452E-06,8.39611190837E-03,1.195428112364E-04
1.5454E-06,8.39143434074E-03,1.159413549425E-04
1.5456E-06,8.28559185844E-03,1.181484867195E-04
1.5458E-06,8.22385285515E-03,1.220256384770E-04
1.5460E-06,8.24377850164E-03,1.213300963240E-04
1.5462E-06,8.32263963763E-03,1.203666157862E-04
1.5464E-06,8.23774748947E-03,1.223738536080E-04
1.5466E-06,8.24950939510E-03,1.283245460903E-04
1.5468E-06,8.19443842862E-03,1.352947185589E-04
1.5470E-06,8.19200511556E-03,1.398761201026E-04
1.5472E-06,8.15429586451E-03,1.456157825729E-04
1.5474E-06,8.07895373087E-03,1.448833353194E-04
1.5476E-06,8.10382563155E-03,1.446731448481E-04
1.5478E-06,8.15884537529E-03,1.470809546141E-04
1.5480E-06,8.18115939852E-03,1.489878916023E-04
1.5482E-06,8.23307387996E-03,1.501765078241E-04
1.5484E-06,8.36195891257E-03,1.501252611475E-04
1.5486E-06,8.16002349835E-03,1.539356520707E-04
1.5488E-06,8.10710481834E-03,1.548045697929E-04
1.5490E-06,8.23033718858E-03,1.584878639625E-04
1.5492E-06,8.39317917358E-03,1.626988268299E-04
1.5494E-06,8.41297187377E-03,1.675565413507E-04
1.5496E-06,8.25606474187E-03,1.690447279094E-04
1.5498E-06,8.02231185604E-03,1.681345200474E-04
1.5500E-06,8.07118324097E-03,1.664256244740E-04
1.5502E-06,8.29324337188E-03,1.657315046834E-04
1.5504E-06,8.42460223008E-03,1.657872057827E-04
1.5506E-06,8.25689501595E-03,1.697777718613E-04
1.5508E-06,8.23577727657E-03,1.753817548351E-04
1.5510E-06,8.28392292838E-03,1.721142692333E-04
1.5512E-06,8.26799684670E-03,1.716541384654E-04
1.5514E-06,8.33032048773E-03,1.743123117676E-04
1.5516E-06,8.42909120489E-03,1.752739744568E-04
1.5518E-06,8.53442099411E-03,1.803077219362E-04
1.5520E-06,8.42571213376E-03,1.825434744200E-04
1.5522E-06,8.11817032751E-03,1.799917146405E-04
1.5524E-06,8.06129888166E-03,1.770202746922E-04
1.5526E-06,8.25590874534E-03,1.737826933926E-04
1.5528E-06,8.45833356958E-03,1.754694972495E-04
1.5530E-06,8.42032908928E-03,1.778726860723E-04
1.5532E-06,8.35834957193E-03,1.776840322493E-04
1.5534E-06,8.37519323919E-03,1.752454994554E-04
1.5536E-06,8.37012335192E-03,1.772871306939E-04
1.5538E-06,8.26734049711E-03,1.814973580958E-04
1.5540E-06,8.30888423603E-03,1.839876926346E-04
1.5542E-06,8.31147773657E-03,1.852168010855E-04
1.5544E-06,8.25396577362E-03,1.873770573484E-04
1.5546E-06,8.10764614958E-03,1.901132732472E-04
1.5548E-06,8.12365511898E-03,1.894714339478E-04
1.5550E-06,8.11696473043E-03,1.869743414531E-04
1.5552E-06,8.26683944557E-03,1.895674954476E-04
1.5554E-06,8.29213672783E-03,1.906774723744E-04
1.5556E-06,8.22124980856E-03,1.860694483696E-04
1.5558E-06,8.26827903744E-03,1.880145809921E-04
1.5560E-06,8.35079398472E-03,1.895251853699E-04
1.5562E-06,8.34393316414E-03,1.885512140421E-04
1.5564E-06,8.31136714201E-03,1.882035262259E-04
1.5566E-06,8.34153198171E-03,1.905799399437E-04
1.5568E-06,8.43209239188E-03,1.907517682603E-04
1.5570E-06,8.23089342099E-03,1.893284206120E-04
1.5572E-06,8.13493227120E-03,1.889687225064E-04
1.5574E-06,8.27287418302E-03,1.896547313621E-04
1.5576E-06,8.31147610675E-03,1.939446110586E-04
1.5578E-06,8.28144561034E-03,1.928941235719E-04
1.5580E-06,8.12123740557E-03,1.889983423362E-04
1.5582E-06,8.12348352279E-03,1.879877434420E-04
1.5584E-06,8.18498783279E-03,1.918822965892E-04
1.5586E-06,8.20967090782E-03,1.957111782236E-04
1.5588E-06,8.13960867468E-03,1.910984292002E-04
1.5590E-06,8.18718133028E-03,1.875538674025E-04
1.5592E-06,8.32219865639E-03,1.882052122457E-04
1.5594E-06,8.33537128288E-03,1.853892538538E-04
1.5596E-06,8.19119882304E-03,1.860979650011E-04
1.5598E-06,8.18716968875E-03,1.896707034512E-04
1.5600E-06,8.22858420666E-03,1.877433260745E-04
1.5602E-06,8.14480196219E-03,1.790553908171E-04
1.5604E-06,8.11328460928E-03,1.768309617257E-04
1.5606E-06,8.26292649377E-03,1.875780891934E-04
1.5608E-06,8.33581948187E-03,1.923226738656E-04
1.5610E-06,8.35129410494E-03,1.872316502808E-04
1.5612E-06,8.26406782959E-03,1.803599607973E-04
1.5614E-06,8.37648032699E-03,1.800932088709E-04
1.5616E-06,8.33948470186E-03,1.832558698328E-04
1.5618E-06,8.21288653184E-03,1.835634470293E-04
1.5620E-06,8.19482748862E-03,1.763903277302E-04
1.5622E-06,8.39196566027E-03,1.762460169224E-04
1.5624E-06,8.46302720252E-03,1.741990292752E-04
1.5626E-06,8.10998679604E-03,1.687907078611E-04
1.5628E-06,7.95767667238E-03,1.702941032900E-04
1.5630E-06,8.04618887138E-03,1.771938653505E-04
1.5632E-06,8.15532916691E-03,1.758012754219E-04
1.5634E-06,8.21962697897E-03,1.725916348705E-04
1.5636E-06,8.30941951368E-03,1.731887426069E-04
1.5638E-06,8.39310164098E-03,1.767261648392E-04
1.5640E-06,8.40959350113E-03,1.730459096683E-04
1.5642E-06,8.42936058994E-03,1.684138858998E-04
1.5644E-06,8.38249573950E-03,1.642771772882E-04
1.5646E-06,8.34098808933E-03,1.665842907345E-04
1.5648E-06,8.34439347032E-03,1.684059761772E-04
1.5650E-06,8.26250390615E-03,1.655452445922E-04
1.5652E-06,8.09011749457E-03,1.576017946312E-04
1.5654E-06,8.23051274288E-03,1.566478959592E-04
1.5656E-06,8.36135588121E-03,1.551665020483E-04
1.5658E-06,8.38449878152E-03,1.510295644710E-04
1.5660E-06,8.33310211543E-03,1.478629347710E-04
1.5662E-06,8.40631943662E-03,1.462671135394E-04
1.5664E-06,8.32294487860E-03,1.444817226222E-04
1.5666E-06,8.24791101273E-03,1.412447657744E-04
1.5668E-06,8.25275994372E-03,1.332527889712E-04
1.5670E-06,8.24943419080E-03,1.271289637620E-04
1.5672E-06,8.45735824201E-03,1.242669069516E-04
1.5674E-06,8.45701179001E-03,1.246916521182E-04
1.5676E-06,8.32043542992E-03,1.229399607824E-04
1.5678E-06,8.22411409113E-03,1.219255388556E-04
1.5680E-06,8.20666459855E-03,1.123229482519E-04
1.5682E-06,8.22188450489E-03,1.083489162689E-04
1.5684E-06,8.14394095447E-03,1.060001241351E-04
1.5686E-06,8.23428809177E-03,9.648011381087E-05
1.5688E-06,8.24716805015E-03,9.287436961476E-05
1.5690E-06,8.31033872906E-03,8.712873322238E-05
1.5692E-06,8.20346573833E-03,8.199844549690E-05
1.5694E-06,8.21854175534E-03,8.082356721443E-05
1.5696E-06,8.29453884158E-03,7.742475246359E-05
1.5698E-06,8.23945972603E-03,7.199062731397E-05
1.5700E-06,8.08560570236E-03,6.887269791496E-05
1.5702E-06,8.22042628657E-03,6.452065751237E-05
1.5704E-06,8.27114611398E-03,5.915173206758E-05
1.5706E-06,8.12341600191E-03,5.382122428436E-05
1.5708E-06,8.10348686296E-03,4.692698515300E-05
1.5710E-06,8.20321288425E-03,4.013857672271E-05
1.5712E-06,8.12890102621E-03,3.103310524766E-05
1.5714E-06,8.30702927429E-03,2.309349913430E-05
1.5716E-06,8.42052885797E-03,2.037302635890E-05
1.5718E-06,8.40474224184E-03,1.290968268458E-05
1.5720E-06,8.37216760497E-03,3.599030229269E-06
1.5722E-06,8.34168006200E-03,1.840920916764E-06
1.5724E-06,8.21796875913E-03,1.965374157770E-06
1.5726E-06,8.12424906995E-03,1.414510545326E-06
1.5728E-06,8.20699382108E-03,-9.540302648202E-06
1.5730E-06,8.34874530788E-03,-1.791984892170E-05
1.5732E-06,8.44670926686E-03,-2.253481127973E-05
1.5734E-06,8.36911240127E-03,-2.878487288672E-05
1.5736E-06,8.39497313369E-03,-3.838182260934E-05
1.5738E-06,8.30683905166E-03,-4.009599826950E-05
1.5740E-06,8.23316375259E-03,-4.295754858013E-05
1.5742E-06,8.35482195485E-03,-4.716822003666E-05
1.5744E-06,8.35250691976E-03,-4.993382679950E-05
1.5746E-06,8.22893484961E-03,-5.512524835485E-05
1.5748E-06,8.35028292145E-03,-6.090405701380E-05
1.5750E-06,8.41770974453E-03,-6.494188715424E-05
1.5752E-06,8.28333805781E-03,-7.097457709442E-05
1.5754E-06,8.17478379700E-03,-7.340764940436E-05
1.5756E-06,8.22346542496E-03,-7.197556636948E-05
1.5758E-06,8.21096288506E-03,-7.679521708469E-05
1.5760E-06,8.21570448112E-03,-8.023717451561E-05
1.5762E-06,8.38774444070E-03,-8.870968778338E-05
1.5764E-06,8.45456008334E-03,-9.460713534336E-05
1.5766E-06,8.40418763924E-03,-9.947862249519E-05
1.5768E-06,8.32365897018E-03,-9.706712152529E-05
1.5770E-06,8.28798302915E-03,-9.616843132954E-05
1.5772E-06,8.24097102974E-03,-1.030257445453E-04
1.5774E-06,8.29610788729E-03,-1.072189868586E-04
1.5776E-06,8.24559551198E-03,-1.043062037481E-04
1.5778E-06,8.27910589520E-03,-1.052071697237E-04
1.5780E-06,8.28498044517E-03,-1.095236926964E-04
1.5782E-06,8.19314295892E-03,-1.201068668785E-04
1.5784E-06,8.04024773184E-03,-1.283648115741E-04
1.5786E-06,8.09218503069E-03,-1.297253254959E-04
1.5788E-06,8.04510015529E-03,-1.291183097912E-04
1.5790E-06,8.09919463005E-03,-1.306626068121E-04
1.5792E-06,8.26832583640E-03,-1.285332956044E-04
1.5794E-06,8.13168661203E-03,-1.266166032916E-04
1.5796E-06,8.14960595686E-03,-1.318440765301E-04
1.5798E-06,8.31170241814E-03,-1.420253396658E-04
1.5800E-06,8.30159151461E-03,-1.401892502019E-04
1.5802E-06,8.28114502597E-03,-1.342425264576E-04
1.5804E-06,8.28995347489E-03,-1.355373411132E-04
1.5806E-06,8.37232942227E-03,-1.429882928887E-04
1.5808E-06,8.33229884971E-03,-1.422117385240E-04
1.5810E-06,8.19472038653E-03,-1.362293169526E-04
1.5812E-06,8.32770277280E-03,-1.358761200840E-04
1.5814E-06,8.35939963814E-03,-1.440125117702E-04
1.5816E-06,8.24069675524E-03,-1.480823138421E-04
1.5818E-06,8.19898444693E-03,-1.479553974857E-04
1.5820E-06,8.20775308180E-03,-1.510272076512E-04
1.5822E-06,8.11460894998E-03,-1.518444277039E-04
1.5824E-06,8.17948511336E-03,-1.460050957901E-04
1.5826E-06,8.29499076586E-03,-1.411216330407E-04
1.5828E-06,8.41110969428E-03,-1.416992093129E-04
1.5830E-06,8.48260290455E-03,-1.416120080901E-04
1.5832E-06,8.34242651705E-03,-1.416421274813E-04
1.5834E-06,8.23560614604E-03,-1.433654825827E-04
1.5836E-06,8.29625689890E-03,-1.457611155389E-04
1.5838E-06,8.47360842395E-03,-1.447532156641E-04
1.5840E-06,8.38565012906E-03,-1.381041779341E-04
1.5842E-06,8.19391642231E-03,-1.412478555618E-04
1.5844E-06,8.26496585738E-03,-1.438357988531E-04
1.5846E-06,8.37584842462E-03,-1.431949170465E-04
1.5848E-06,8.39993661735E-03,-1.433072697995E-04
1.5850E-06,8.38505175430E-03,-1.422202449450E-04
1.5852E-06,8.27029348817E-03,-1.371062762262E-04
1.5854E-06,8.25327240396E-03,-1.350880133612E-04
1.5856E-06,8.23084382806E-03,-1.366665303400E-04
1.5858E-06,8.22715998161E-03,-1.370778151015E-04
1.5860E-06,8.26483104844E-03,-1.377273074044E-04
1.5862E-06,8.28688709531E-03,-1.353678579600E-04
1.5864E-06,8.29854865093E-03,-1.323424237473E-04
1.5866E-06,8.18633685354E-03,-1.290657170741E-04
1.5868E-06,8.20285991300E-03,-1.290434865905E-04
1.5870E-06,8.31568289082E-03,-1.271856800811E-04
1.5872E-06,8.33597477991E-03,-1.226581617882E-04
1.5874E-06,8.21295009460E-03,-1.228770460160E-04
1.5876E-06,8.22599070612E-03,-1.207692090115E-04
1.5878E-06,8.33904581610E-03,-1.204694097089E-04
1.5880E-06,8.38645292912E-03,-1.187048893580E-04
1.5882E-06,8.24358269106E-03,-1.109566013953E-04
1.5884E-06,8.12619949225E-03,-1.116559804575E-04
1.5886E-06,8.10599561315E-03,-1.129213487422E-04
1.5888E-06,8.10741797555E-03,-1.121177209234E-04
1.5890E-06,8.11368996743E-03,-1.081765906112E-04
1.5892E-06,8.25674181338E-03,-1.100248013781E-04
1.5894E-06,8.37350568268E-03,-1.113637231449E-04
1.5896E-06,8.36807607207E-03,-1.088625578368E-04
1.5898E-06,8.17277889233E-03,-1.011003654143E-04
1.5900E-06,8.02600012626E-03,-9.729377670865E-05
1.5902E-06,8.06713175494E-03,-9.803745715599E-05
1.5904E-06,8.29686807934E-03,-9.518566216993E-05
1.5906E-06,8.52665935177E-03,-9.127147348318E-05
1.5908E-06,8.49412732292E-03,-8.935325473267E-05
1.5910E-06,8.30986422021E-03,-8.916504496428E-05
1.5912E-06,8.22206099052E-03,-9.237610093969E-05
1.5914E-06,8.29323871527E-03,-8.778276542853E-05
1.5916E-06,8.26958358753E-03,-8.702661676052E-05
1.5918E-06,8.21232447866E-03,-8.458499639946E-05
1.5920E-06,8.31200393382E-03,-8.156434965040E-05
1.5922E-06,8.44644803088E-03,-7.874374950025E-05
1.5924E-06,8.36505509447E-03,-7.514710148517E-05
1.5926E-06,8.24280713219E-03,-7.401343008223E-05
1.5928E-06,8.25269777793E-03,-7.595011872891E-05
1.5930E-06,8.33540830295E-03,-6.994654211867E-05
1.5932E-06,8.13932811376E-03,-6.389256531093E-05
1.5934E-06,8.17613468040E-03,-6.398601798992E-05
1.5936E-06,8.29671697225E-03,-6.768929461669E-05
1.5938E-06,8.25060532894E-03,-6.980631106253E-05
1.5940E-06,8.21600366849E-03,-6.578689531143E-05
1.5942E-06,8.12965190504E-03,-5.754907184000E-05
1.5944E-06,8.22306379210E-03,-5.606595027912E-05
1.5946E-06,8.47221493255E-03,-5.677265624236E-05
1.5948E-06,8.36992218625E-03,-5.589655732456E-05
1.5950E-06,8.25235714670E-03,-5.128737461473E-05
1.5952E-06,8.23026105296E-03,-4.902370913606E-05
1.5954E-06,8.38760194834E-03,-4.674908105935E-05
1.5956E-06,8.40216736775E-03,-4.054194010514E-05
1.5958E-06,8.46610825043E-03,-3.876626982074E-05
1.5960E-06,8.39775126893E-03,-3.878246393706E-05
1.5962E-06,8.24981137644E-03,-3.949832852650E-05
1.5964E-06,8.15505023580E-03,-3.680489451344E-05
1.5966E-06,8.20830489043E-03,-3.333464247826E-05
1.5968E-06,8.20709556807E-03,-3.055790659692E-05
1.5970E-06,8.20488297846E-03,-2.900438850465E-05
1.5972E-06,8.34443351719E-03,-3.445007988903E-05
1.5974E-06,8.36049813311E-03,-3.039751268643E-05
1.5976E-06,8.21256638970E-03,-2.189576119836E-05
1.5978E-06,8.19142909255E-03,-2.343064287397E-05
1.5980E-06,8.16889783833E-03,-2.441390465665E-05
1.5982E-06,8.07526592631E-03,-1.953413311112E-05
1.5984E-06,8.05534936022E-03,-2.146842108759E-05
1.5986E-06,8.05703063030E-03,-1.767332229483E-05
1.5988E-06,8.24581413995E-03,-1.385444576572E-05
1.5990E-06,8.43417343218E-03,-1.781211017351E-05
1.5992E-06,8.41243939008E-03,-2.291014843340E-05
1.5994E-06,8.37296435144E-03,-1.622380317840E-05
1.5996E-06,8.34056177642E-03,-1.279083091486E-05
1.5998E-06,8.45026878174E-03,-1.435496468748E-05
1.6000E-06,8.36096565705E-03,-1.138196360971E-05
1.6002E-06,8.25460303109E-03,-1.062449665460E-05
1.6004E-06,8.24061410036E-03,-9.450561988162E-06
1.6006E-06,8.29581358936E-03,-6.259814572515E-06
1.6008E-06,8.49292591680E-03,-6.028566199349E-06
1.6010E-06,8.43154081609E-03,-6.391795926722E-06
1.6012E-06,8.29294255469E-03,-8.389320054085E-06
1.6014E-06,8.33325019572E-03,-1.905533081846E-06
1.6016E-06,8.33806443494E-03,2.706418030901E-06
1.6018E-06,8.24606350157E-03,-1.213543365703E-06
1.6020E-06,8.42335286084E-03,-2.254358788015E-06
1.6022E-06,8.50303099956E-03,3.466008122085E-06
1.6024E-06,8.44116976019E-03,4.467642663984E-06
1.6026E-06,8.40722747613E-03,2.455103940337E-06
1.6028E-06,8.33933336195E-03,1.716294216929E-06
1.6030E-06,8.37986940984E-03,3.550898873253E-06
1.6032E-06,8.43919815030E-03,2.405640420510E-06
1.6034E-06,8.32718379330E-03,4.365336646332E-06
1.6036E-06,8.29509460833E-03,9.817480699165E-06
1.6038E-06,8.29549251590E-03,7.097632375552E-06
1.6040E-06,8.24226906057E-03,6.428303320899E-06
1.6042E-06,8.33058288786E-03,8.357234888717E-06
1.6044E-06,8.40488729533E-03,1.244046267402E-05
1.6046E-06,8.40496273246E-03,1.185869563651E-05
1.6048E-06,8.25124188792E-03,1.333562124801E-05
1.6050E-06,8.30059243832E-03,1.253034903948E-05
1.6052E-06,8.37324537802E-03,1.458539905307E-05
1.6054E-06,8.35049060639E-03,1.196812040453E-05
1.6056E-06,8.34337716456E-03,1.215616365243E-05
1.6058E-06,8.26256607193E-03,1.666872285586E-05
1.6060E-06,8.21674895938E-03,1.747706875485E-05
1.6062E-06,8.36246578488E-03,1.452753318754E-05
1.6064E-06,8.42482900713E-03,8.008568764671E-06
1.6066E-06,8.33820040803E-03,6.552895328967E-06
1.6068E-06,8.21373659652E-03,1.017574950401E-05
1.6070E-06,8.25071615633E-03,1.269956159685E-05
1.6072E-06,8.31060415599E-03,1.234136217554E-05
1.6074E-06,8.32920453045E-03,1.137064493541E-05
1.6076E-06,8.31283257808E-03,1.748739302438E-05
1.6078E-06,8.39359710459E-03,1.932289272827E-05
1.6080E-06,8.45055656042E-03,1.291298534070E-05
1.6082E-06,8.43017782550E-03,8.229451238184E-06
1.6084E-06,8.24542414863E-03,9.697752476676E-06
1.6086E-06,8.23528577108E-03,9.381634167402E-06
1.6088E-06,8.25080696028E-03,9.924137064262E-06
1.6090E-06,8.16602214705E-03,8.580184991478E-06
1.6092E-06,8.27108255122E-03,1.121335940716E-05
1.6094E-06,8.47083028871E-03,1.562729685847E-05
1.6096E-06,8.41345942113E-03,1.116536681820E-05
1.6098E-06,8.30259897280E-03,7.059686522006E-06
1.6100E-06,8.19918025751E-03,8.448821150704E-06
1.6102E-06,8.34789524320E-03,4.409214791848E-06
1.6104E-06,8.30299408641E-03,7.482690578386E-07
1.6106E-06,8.05746276397E-03,5.211094145668E-06
1.6108E-06,8.12408911530E-03,6.668488292961E-06
1.6110E-06,8.25415040832E-03,9.004708130851E-06
1.6112E-06,8.25478231069E-03,5.877960084943E-06
1.6114E-06,8.23141938541E-03,4.324816663756E-06
1.6116E-06,8.13089754898E-03,-3.543601529606E-07
1.6118E-06,8.11032789294E-03,2.598602960823E-06
1.6120E-06,8.42189138289E-03,8.318289912311E-06
1.6122E-06,8.46249076072E-03,9.340538301511E-06
1.6124E-06,8.36170419585E-03,9.481400747790E-06
1.6126E-06,8.33296777215E-03,9.687240871607E-06
1.6128E-06,8.38911767583E-03,4.286565522670E-06
1.6130E-06,8.28137971926E-03,2.850111325278E-06
1.6132E-06,8.05663109291E-03,6.695020555525E-06
1.6134E-06,8.06665305514E-03,1.642782364978E-06
1.6136E-06,8.26390182134E-03,-2.566952413872E-06
1.6138E-06,8.24490284081E-03,-6.570666255361E-07
1.6140E-06,8.28325144481E-03,-1.603159650223E-06
1.6142E-06,8.37188145611E-03,-4.903748135077E-06
1.6144E-06,8.43162486795E-03,-5.299629336156E-07
1.6146E-06,8.35812395904E-03,1.245193912654E-06
1.6148E-06,8.26497144531E-03,2.624795244082E-06
1.6150E-06,8.21704232599E-03,-1.629018892528E-06
1.6152E-06,8.00827635918E-03,-4.910353447305E-06
1.6154E-06,8.06250913534E-03,-4.115440200077E-06
1.6156E-06,8.20537331980E-03,-6.630600166500E-06
1.6158E-06,8.24607537594E-03,-4.447246125893E-06
1.6160E-06,8.32617260981E-03,-5.839391999872E-06
1.6162E-06,8.20180961396E-03,-7.458338762627E-06
1.6164E-06,8.17352488171E-03,-6.596553667443E-06
1.6166E-06,8.14551814925E-03,-5.022185823874E-06
1.6168E-06,8.32025731448E-03,-8.531001226039E-06
1.6170E-06,8.23768392671E-03,-8.169908511445E-06
1.6172E-06,8.28294108156E-03,-6.982520378189E-06
1.6174E-06,8.45664787572E-03,-6.998735309573E-06
1.6176E-06,8.44493719283E-03,-7.787223641755E-06
1.6178E-06,8.40082742739E-03,-8.192603864700E-06
1.6180E-06,8.35757773835E-03,-6.190680821420E-06
1.6182E-06,8.34227727260E-03,-2.889655220316E-06
1.6184E-06,8.43244629446E-03,-1.206598074168E-06
1.6186E-06,8.36620038841E-03,-5.339206119061E-06
1.6188E-06,8.27948028687E-03,-8.121298409061E-06
1.6190E-06,8.22481328156E-03,-7.645937955932E-06
1.6192E-06,8.29894120339E-03,-7.834605655626E-06
1.6194E-06,8.10399839189E-03,-5.883325652213E-06
1.6196E-06,8.20973470341E-03,-5.308087605045E-06
1.6198E-06,8.24552449863E-03,-6.905109171750E-06
1.6200E-06,8.22960423771E-03,-1.417108445148E-05
1.6202E-06,8.21371540893E-03,-1.157009011786E-05
1.6204E-06,8.27604137827E-03,-8.571548962027E-06
1.6206E-06,8.28708313871E-03,-1.334439354669E-05
1.6208E-06,8.20230600890E-03,-1.169328057858E-05
1.6210E-06,8.06330681313E-03,-1.042105720099E-05
1.6212E-06,8.22001673747E-03,-1.143481998424E-05
1.6214E-06,8.34809966851E-03,-1.538522687461E-05
1.6216E-06,8.36050488520E-03,-1.296928535867E-05
1.6218E-06,8.31945009064E-03,-1.393000443186E-05
1.6220E-06,8.31001718994E-03,-1.165646567661E-05
1.6222E-06,8.16927502397E-03,-5.296854411245E-06
1.6224E-06,7.97023043502E-03,1.141104738235E-06
1.6226E-06,8.07162026409E-03,-4.315757394763E-06
1.6228E-06,8.20942061487E-03,-6.408232885407E-06
1.6230E-06,8.36897177156E-03,-5.235824656667E-06
1.6232E-06,8.42373260762E-03,-4.304545016022E-06
1.6234E-06,8.37908756453E-03,-2.517266866744E-06
1.6236E-06,8.29432114493E-03,-9.438794541166E-06
1.6238E-06,8.30658270512E-03,-1.041664440836E-05
1.6240E-06,8.27790518757E-03,-8.966757559211E-06
1.6242E-06,8.23260658886E-03,-6.301396123128E-06
1.6244E-06,8.18646351341E-03,-4.778496983455E-06
1.6246E-06,8.16271106247E-03,-5.673600050615E-06
1.6248E-06,8.14903808292E-03,-9.230054185719E-06
1.6250E-06,8.17367692012E-03,-6.772211954923E-06
1.6252E-06,8.28363375273E-03,-4.869604499073E-06
1.6254E-06,8.35277048405E-03,-2.766887999134E-06
1.6256E-06,8.37369776796E-03,-8.758239231067E-06
1.6258E-06,8.38000794407E-03,-1.180491868127E-05
1.6260E-06,8.20597216021E-03,-6.796288040461E-06
1.6262E-06,8.41907180380E-03,-4.611088397907E-06
1.6264E-06,8.38985132519E-03,-3.928361383260E-06
1.6266E-06,8.15949893091E-03,-7.132812046440E-06
1.6268E-06,8.07186892722E-03,-6.371383291664E-06
1.6270E-06,8.08133884799E-03,-8.659353821532E-06
1.6272E-06,8.10470386874E-03,-4.836508554401E-06
1.6274E-06,8.06220179889E-03,-1.432677374215E-06
1.6276E-06,8.16508034710E-03,-1.544960743741E-06
1.6278E-06,8.34862749558E-03,-5.775850561442E-06
1.6280E-06,8.34386960138E-03,-6.026123899029E-06
1.6282E-06,8.23430648539E-03,-4.722171432332E-06
1.6284E-06,8.29962595832E-03,1.150402547858E-07
1.6286E-06,8.47160980571E-03,-3.566248730750E-06
1.6288E-06,8.45797617454E-03,-5.909830161363E-06
1.6290E-06,8.35145103279E-03,-1.891344149591E-06
1.6292E-06,8.33266043570E-03,-7.001537987907E-07
1.6294E-06,8.35206128191E-03,-4.313918731170E-06
1.6296E-06,8.33313331474E-03,-6.375227139326E-06
1.6298E-06,8.21591658983E-03,3.421325543949E-07
1.6300E-06,8.18954525981E-03,1.991087694659E-06
1.6302E-06,8.21116428357E-03,-2.512354512693E-06
1.6304E-06,8.09646748472E-03,-6.900051112280E-06
1.6306E-06,8.12411053572E-03,-4.280774218024E-06
1.6308E-06,8.19697581697E-03,-1.997111989116E-07
1.6310E-06,8.21310585830E-03,3.384801636456E-06
1.6312E-06,8.26285897288E-03,6.323430528921E-07
1.6314E-06,8.25235411990E-03,-1.982972041698E-06
1.6316E-06,8.16276950296E-03,-3.275843958364E-06
1.6318E-06,8.24493753258E-03,-1.880416243331E-06
1.6320E-06,8.35593698081E-03,-6.777567947217E-07
1.6322E-06,8.34545727353E-03,-4.003475578447E-07
1.6324E-06,8.21404719259E-03,5.718322454959E-06
1.6326E-06,8.11387925874E-03,1.180950271246E-05
1.6328E-06,8.13219278585E-03,8.397491213872E-06
1.6330E-06,8.12165556941E-03,3.983519070787E-06
1.6332E-06,8.15722091589E-03,8.145427781164E-06
1.6334E-06,8.15779763739E-03,1.232380120364E-05
1.6336E-06,8.18228234071E-03,1.443356707041E-05
1.6338E-06,8.15824187826E-03,1.475553441141E-05
1.6340E-06,8.11470627319E-03,1.334926205036E-05
1.6342E-06,8.15374405589E-03,1.276057747473E-05
1.6344E-06,8.19414389785E-03,1.146785820183E-05
1.6346E-06,8.35665177088E-03,1.783649626468E-05
1.6348E-06,8.52955250535E-03,2.173739800510E-05
1.6350E-06,8.51048833225E-03,2.499539887813E-05
1.6352E-06,8.35479285102E-03,2.380123891216E-05
1.6354E-06,8.23624922428E-03,1.792822823208E-05
1.6356E-06,8.21252261754E-03,1.910337017198E-05
1.6358E-06,8.23295699898E-03,2.844696592820E-05
1.6360E-06,8.05021288339E-03,3.202861322370E-05
1.6362E-06,8.08415865991E-03,3.152682458331E-05
1.6364E-06,8.29514210578E-03,3.632755440940E-05
1.6366E-06,8.37681350764E-03,3.859358586651E-05
1.6368E-06,8.44776282553E-03,3.719255196211E-05
1.6370E-06,8.49484583828E-03,3.715321843792E-05
1.6372E-06,8.26750371139E-03,3.745415563044E-05
1.6374E-06,8.26409320813E-03,3.893961541635E-05
1.6376E-06,8.46921723802E-03,4.342918785569E-05
1.6378E-06,8.51478172932E-03,5.170649055672E-05
1.6380E-06,8.21346162353E-03,5.405243102741E-05
1.6382E-06,8.19339464884E-03,5.650365406927E-05
1.6384E-06,8.40538438875E-03,5.807318588067E-05
1.6386E-06,8.50094250869E-03,5.952962947358E-05
1.6388E-06,8.40785053093E-03,6.330038158503E-05
1.6390E-06,8.18505907897E-03,6.907849640866E-05
1.6392E-06,8.16959958989E-03,7.358425602597E-05
1.6394E-06,8.20663502905E-03,7.522738294956E-05
1.6396E-06,8.17009947728E-03,8.170093585086E-05
1.6398E-06,8.17691908684E-03,8.605668133405E-05
1.6400E-06,8.11795495916E-03,8.559011871275E-05
1.6402E-06,8.28061393928E-03,8.378430128378E-05
1.6404E-06,8.17709580529E-03,8.992359902059E-05
1.6406E-06,8.20266270544E-03,9.555890865904E-05
1.6408E-06,8.09718180913E-03,1.007843836518E-04
1.6410E-06,8.07376440149E-03,1.012923127348E-04
1.6412E-06,8.12040666584E-03,1.011362761101E-04
1.6414E-06,8.23367900681E-03,1.087125622975E-04
1.6416E-06,8.30001269001E-03,1.178262557210E-04
1.6418E-06,8.34629360121E-03,1.169311873457E-04
1.6420E-06,8.31022208091E-03,1.187806053860E-04
1.6422E-06,8.22160021868E-03,1.201453933334E-04
1.6424E-06,8.24909169692E-03,1.214573665364E-04
1.6426E-06,8.29236466903E-03,1.223433109773E-04
1.6428E-06,8.35235720966E-03,1.276876954669E-04
1.6430E-06,8.36542203557E-03,1.311474428354E-04
1.6432E-06,8.35853071418E-03,1.351007568957E-04
1.6434E-06,8.33811193239E-03,1.406813437427E-04
1.6436E-06,8.30895478371E-03,1.444596586591E-04
1.6438E-06,8.27059663366E-03,1.460872922400E-04
1.6440E-06,8.23267015163E-03,1.518122592783E-04
1.6442E-06,8.21463369299E-03,1.542756799450E-04
1.6444E-06,8.28365657013E-03,1.555912680300E-04
1.6446E-06,8.27379456255E-03,1.614498746889E-04
1.6448E-06,8.11445714440E-03,1.632382699130E-04
1.6450E-06,7.97480485868E-03,1.589529764680E-04
1.6452E-06,8.21820973884E-03,1.673068855265E-04
1.6454E-06,8.24429817963E-03,1.785453316597E-04
1.6456E-06,8.28562305774E-03,1.771018627873E-04
1.6458E-06,8.31486518960E-03,1.754461288760E-04
1.6460E-06,8.21604930330E-03,1.807094734004E-04
1.6462E-06,8.25339254457E-03,1.837040805100E-04
1.6464E-06,8.30902207177E-03,1.825484422809E-04
1.6466E-06,8.19554740097E-03,1.827692553708E-04
1.6468E-06,8.18248001393E-03,1.869657795252E-04
1.6470E-06,8.34045164753E-03,1.918344288906E-04
1.6472E-06,8.44354230445E-03,1.968445304623E-04
1.6474E-06,8.39567628223E-03,1.973568168311E-04
1.6476E-06,8.21494638454E-03,1.959411221864E-04
1.6478E-06,8.13178626355E-03,2.054882475948E-04
1.6480E-06,8.28040672000E-03,2.085033089696E-04
1.6482E-06,8.30323064234E-03,2.050762759363E-04
1.6484E-06,8.16168660764E-03,2.058297533384E-04
1.6486E-06,8.23720941786E-03,2.112931375234E-04
1.6488E-06,8.42296077404E-03,2.143513207631E-04
1.6490E-06,8.35888601374E-03,2.177748152362E-04
1.6492E-06,8.23331811931E-03,2.155581015935E-04
1.6494E-06,8.47368665505E-03,2.157091426039E-04
1.6496E-06,8.49719649646E-03,2.199949286720E-04
1.6498E-06,8.24521157425E-03,2.213327264255E-04
1.6500E-06,8.09383649845E-03,2.232035354087E-04
1.6502E-06,8.20263849106E-03,2.253221407374E-04
1.6504E-06,8.23746297043E-03,2.304500763612E-04
1.6506E-06,8.25420605484E-03,2.286393812699E-04
1.6508E-06,8.16566312220E-03,2.290634117862E-04
1.6510E-06,8.25651596766E-03,2.297902389737E-04
1.6512E-06,8.26471882407E-03,2.303426914690E-04
1.6514E-06,8.26605364215E-03,2.273892773623E-04
1.6516E-06,8.28734204639E-03,2.316845550975E-04
1.6518E-06,8.31714227330E-03,2.340702176401E-04
1.6520E-06,8.26128084678E-03,2.328210226568E-04
1.6522E-06,8.18885794375E-03,2.352674721116E-04
1.6524E-06,8.26482709031E-03,2.420485189492E-04
1.6526E-06,8.23358983267E-03,2.400034879176E-04
1.6528E-06,8.13540515024E-03,2.374024450155E-04
1.6530E-06,8.14425690565E-03,2.428846598910E-04
1.6532E-06,8.26402685139E-03,2.398829201544E-04
1.6534E-06,8.35688786115E-03,2.385173342964E-04
1.6536E-06,8.41710252222E-03,2.421654371386E-04
1.6538E-06,8.33383925725E-03,2.408437571796E-04
1.6540E-06,8.22941494640E-03,2.433690124499E-04
1.6542E-06,8.32362381276E-03,2.406072911648E-04
1.6544E-06,8.33300688770E-03,2.347237341879E-04
1.6546E-06,8.29757937696E-03,2.373109767055E-04
1.6548E-06,8.16621306818E-03,2.433422512217E-04
1.6550E-06,8.23058934417E-03,2.416839431813E-04
1.6552E-06,8.23883760255E-03,2.370740666362E-04
1.6554E-06,8.20104173850E-03,2.385914359083E-04
1.6556E-06,8.25989876408E-03,2.388427985674E-04
1.6558E-06,8.42716359999E-03,2.368167647468E-04
1.6560E-06,8.42354867142E-03,2.309777797507E-04
1.6562E-06,8.35506130475E-03,2.344151439918E-04
1.6564E-06,8.29145057592E-03,2.340899850084E-04
1.6566E-06,8.21381343063E-03,2.350376391625E-04
1.6568E-06,8.18975387607E-03,2.347086155163E-04
1.6570E-06,8.08478916529E-03,2.320122465799E-04
1.6572E-06,8.23252905626E-03,2.312441292526E-04
1.6574E-06,8.46441813279E-03,2.350613197619E-04
1.6576E-06,8.63467670511E-03,2.329678798402E-04
1.6578E-06,8.44058931339E-03,2.278826220268E-04
1.6580E-06,8.34947150666E-03,2.258480609702E-04
1.6582E-06,8.41004682239E-03,2.215809390722E-04
1.6584E-06,8.26386154164E-03,2.205244499100E-04
1.6586E-06,8.19012058433E-03,2.193416827200E-04
1.6588E-06,8.14969932195E-03,2.192725420306E-04
1.6590E-06,8.31445633899E-03,2.198415702516E-04
1.6592E-06,8.45397614408E-03,2.186346784076E-04
1.6594E-06,8.34179112222E-03,2.209218302118E-04
1.6596E-06,8.36946420837E-03,2.202572886208E-04
1.6598E-06,8.44296418596E-03,2.168120562872E-04
1.6600E-06,8.17872119602E-03,2.159473154536E-04
1.6602E-06,8.11885927338E-03,2.143288127454E-04
1.6604E-06,8.23350275401E-03,2.133001810713E-04
1.6606E-06,8.30901275854E-03,2.152940209331E-04
1.6608E-06,8.18720158655E-03,2.152850427041E-04
1.6610E-06,8.30379339401E-03,2.047396825468E-04
1.6612E-06,8.37840141263E-03,2.037687085876E-04
1.6614E-06,8.35998823400E-03,2.092442973359E-04
1.6616E-06,8.28262443188E-03,2.042139218962E-04
1.6618E-06,8.26347131748E-03,1.964919025386E-04
1.6620E-06,8.39900203515E-03,1.920286403345E-04
1.6622E-06,8.48495705519E-03,1.915789517881E-04
1.6624E-06,8.31322280224E-03,1.910578537108E-04
1.6626E-06,8.25939957518E-03,1.884240964735E-04
1.6628E-06,8.22450571228E-03,1.851113450555E-04
1.6630E-06,8.30798760522E-03,1.846807300421E-04
1.6632E-06,8.52767309640E-03,1.854967913898E-04
1.6634E-06,8.53285986464E-03,1.843071413534E-04
1.6636E-06,8.25611130800E-03,1.826198656885E-04
1.6638E-06,8.33344530780E-03,1.813017381663E-04
1.6640E-06,8.35726015735E-03,1.801461762590E-04
1.6642E-06,8.21679156739E-03,1.766648506122E-04
1.6644E-06,8.21100968402E-03,1.740865238784E-04
1.6646E-06,8.26623944100E-03,1.738294856465E-04
1.6648E-06,8.16146634985E-03,1.756565274978E-04
1.6650E-06,8.13906874042E-03,1.762344992561E-04
1.6652E-06,8.17533607129E-03,1.720323480973E-04
1.6654E-06,8.31814484205E-03,1.679120833827E-04
1.6656E-06,8.27934687491E-03,1.676798150716E-04
1.6658E-06,8.20741221774E-03,1.660428979741E-04
1.6660E-06,8.29075674061E-03,1.569628416868E-04
1.6662E-06,8.40766892303E-03,1.527639931841E-04
1.6664E-06,8.40581349563E-03,1.520458250614E-04
1.6666E-06,8.37928267661E-03,1.510729499934E-04
1.6668E-06,8.32066919189E-03,1.487044668133E-04
1.6670E-06,8.21170538198E-03,1.449020203045E-04
1.6672E-06,8.09285581577E-03,1.484108148916E-04
1.6674E-06,8.10210035648E-03,1.544564240454E-04
1.6676E-06,8.33430631552E-03,1.494785996927E-04
1.6678E-06,8.42378406320E-03,1.411070047719E-04
1.6680E-06,8.40494224336E-03,1.310937330434E-04
1.6682E-06,8.29155697953E-03,1.310309409471E-04
1.6684E-06,8.27901974786E-03,1.308094409602E-04
1.6686E-06,8.44755025115E-03,1.290988801820E-04
1.6688E-06,8.46887334715E-03,1.275580037693E-04
1.6690E-06,8.46011681948E-03,1.272146801772E-04
1.6692E-06,8.41086009983E-03,1.261321374988E-04
1.6694E-06,8.26015930157E-03,1.232509585871E-04
1.6696E-06,8.38184427936E-03,1.190575358765E-04
1.6698E-06,8.59432249796E-03,1.205622773459E-04
1.6700E-06,8.57802039478E-03,1.229004884912E-04
1.6702E-06,8.39362853672E-03,1.209476889884E-04
1.6704E-06,8.34534900729E-03,1.183000134146E-04
1.6706E-06,8.33031583112E-03,1.138736216193E-04
1.6708E-06,8.35705689620E-03,1.135678275796E-04
1.6710E-06,8.32873351406E-03,1.137223308282E-04
1.6712E-06,8.25170335825E-03,1.106824440258E-04
1.6714E-06,8.31164351199E-03,1.097544323495E-04
1.6716E-06,8.48500711378E-03,1.142254446941E-04
1.6718E-06,8.45145109575E-03,1.064437832525E-04
1.6720E-06,8.30500551034E-03,1.014278742792E-04
1.6722E-06,8.29608856235E-03,9.950942656305E-05
1.6724E-06,8.28755368944E-03,9.905150219147E-05
1.6726E-06,8.28893786762E-03,9.973988396396E-05
1.6728E-06,8.37331732269E-03,9.462229342480E-05
1.6730E-06,8.25064304750E-03,9.218954721746E-05
1.6732E-06,8.13508640509E-03,9.095041284618E-05
1.6734E-06,8.25967268553E-03,8.969339140040E-05
1.6736E-06,8.33864301909E-03,8.958155208547E-05
1.6738E-06,8.27737596352E-03,9.331365756970E-05
1.6740E-06,8.22443539742E-03,9.621931499150E-05
1.6742E-06,8.33985513542E-03,9.032348406781E-05
1.6744E-06,8.37651897687E-03,8.507620183100E-05
1.6746E-06,8.24017870705E-03,8.516481847782E-05
1.6748E-06,8.17579498049E-03,8.635006959830E-05
1.6750E-06,8.32676609512E-03,8.681034607162E-05
1.6752E-06,8.26942246873E-03,8.428056699504E-05
1.6754E-06,8.18027487490E-03,8.346501908545E-05
1.6756E-06,8.18304043729E-03,8.568594430853E-05
1.6758E-06,8.19654833991E-03,8.435991400202E-05
1.6760E-06,8.18878762890E-03,8.081195934956E-05
1.6762E-06,8.41208222788E-03,8.376666398999E-05
1.6764E-06,8.36316497531E-03,8.208280893323E-05
1.6766E-06,8.13133596908E-03,8.216737358180E-05
1.6768E-06,8.05725624319E-03,8.298315045704E-05
1.6770E-06,8.05251045618E-03,8.300794119295E-05
1.6772E-06,8.13821844291E-03,7.851564198081E-05
1.6774E-06,8.22671969887E-03,7.576407150645E-05
1.6776E-06,8.33318034653E-03,7.151451751870E-05
1.6778E-06,8.19302957039E-03,6.684134237748E-05
1.6780E-06,8.02697824780E-03,7.099745062460E-05
1.6782E-06,8.09847099241E-03,7.882811071631E-05
1.6784E-06,8.18265114445E-03,7.792489671428E-05
1.6786E-06,8.19786150474E-03,7.556879155618E-05
1.6788E-06,8.10089941602E-03,7.432135891449E-05
1.6790E-06,8.28492875677E-03,7.841176095699E-05
1.6792E-06,8.36528559681E-03,8.378940097336E-05
1.6794E-06,8.29642942641E-03,8.406949535292E-05
1.6796E-06,8.15705141518E-03,8.028857161571E-05
1.6798E-06,8.32495467272E-03,7.784849850741E-05
1.6800E-06,8.36341643240E-03,7.899348636438E-05
1.6802E-06,8.26770348009E-03,8.273452150915E-05
1.6804E-06,8.23541126680E-03,8.580395181943E-05
1.6806E-06,8.26476236340E-03,8.115786400904E-05
1.6808E-06,8.34073383827E-03,7.620928481501E-05
1.6810E-06,8.33237242419E-03,8.480717412476E-05
1.6812E-06,8.41159654315E-03,9.043478912954E-05
1.6814E-06,8.36147252936E-03,8.888213139307E-05
1.6816E-06,8.26545736287E-03,9.043457404059E-05
1.6818E-06,8.19582586642E-03,9.057879464981E-05
1.6820E-06,8.28807918820E-03,8.602976746206E-05
1.6822E-06,8.22611806448E-03,8.296681063530E-05
1.6824E-06,8.09193473775E-03,8.766658742261E-05
1.6826E-06,8.16882612649E-03,8.855645203312E-05
1.6828E-06,8.10819516424E-03,8.796445786302E-05
1.6830E-06,8.17348925862E-03,9.423686790560E-05
1.6832E-06,8.23236025404E-03,9.738135038224E-05
1.6834E-06,8.12867867295E-03,9.089019487892E-05
1.6836E-06,8.06965913158E-03,8.811370877829E-05
1.6838E-06,8.15175870899E-03,9.311478355248E-05
1.6840E-06,8.14934891183E-03,9.649534349610E-05
1.6842E-06,8.28927570488E-03,9.748969970551E-05
1.6844E-06,8.30915385391E-03,1.021123428205E-04
1.6846E-06,8.23957521003E-03,1.065438689971E-04
1.6848E-06,8.00700347405E-03,1.024424696649E-04
1.6850E-06,8.08342687320E-03,9.834748137091E-05
1.6852E-06,8.26275373343E-03,1.047308426192E-04
1.6854E-06,8.30393588636E-03,1.050855659256E-04
1.6856E-06,8.25559954625E-03,1.016656793961E-04
1.6858E-06,8.24962301645E-03,1.037184258765E-04
1.6860E-06,8.32783502061E-03,1.101772902841E-04
1.6862E-06,8.46584422048E-03,1.129106059512E-04
1.6864E-06,8.31799094099E-03,1.098639542544E-04
1.6866E-06,8.19661865476E-03,1.117120193159E-04
1.6868E-06,8.29937100876E-03,1.176663128035E-04
1.6870E-06,8.30766746309E-03,1.193605892668E-04
1.6872E-06,8.28891900834E-03,1.152146318303E-04
1.6874E-06,8.30307185184E-03,1.147472712984E-04
1.6876E-06,8.22196739260E-03,1.211242076317E-04
1.6878E-06,8.27379130293E-03,1.195915878592E-04
1.6880E-06,8.30734196585E-03,1.209484799607E-04
1.6882E-06,8.14142847899E-03,1.208835716667E-04
1.6884E-06,8.01888272632E-03,1.276788629433E-04
1.6886E-06,8.09027977753E-03,1.336274461662E-04
1.6888E-06,8.24812940787E-03,1.277465327019E-04
1.6890E-06,8.34745635744E-03,1.217767875018E-04
1.6892E-06,8.35191622842E-03,1.283800945459E-04
1.6894E-06,8.36102689151E-03,1.309917531284E-04
1.6896E-06,8.35655537899E-03,1.331260946421E-04
1.6898E-06,8.16180535126E-03,1.351070916122E-04
1.6900E-06,8.15350144636E-03,1.297523689764E-04
1.6902E-06,8.22889689822E-03,1.288828198640E-04
1.6904E-06,8.23553559836E-03,1.296432286808E-04
1.6906E-06,8.24607956689E-03,1.261568102827E-04
1.6908E-06,8.34407449234E-03,1.311363345319E-04
1.6910E-06,8.32851884421E-03,1.388379551312E-04
1.6912E-06,8.17855658475E-03,1.413700585561E-04
1.6914E-06,8.08889257256E-03,1.372086424688E-04
1.6916E-06,8.09340669308E-03,1.353623050572E-04
1.6918E-06,8.37157202419E-03,1.304173060535E-04
1.6920E-06,8.29507644754E-03,1.328261357574E-04
1.6922E-06,8.25876627583E-03,1.399990815977E-04
1.6924E-06,8.22295575868E-03,1.377328558667E-04
1.6926E-06,8.25740514789E-03,1.292112051817E-04
1.6928E-06,8.28536671121E-03,1.272781314170E-04
1.6930E-06,8.22711597662E-03,1.280443268204E-04
1.6932E-06,8.26805272605E-03,1.293755886452E-04
1.6934E-06,8.35198072251E-03,1.273507135296E-04
1.6936E-06,8.32906646188E-03,1.311561435303E-04
1.6938E-06,8.27103924472E-03,1.339541662792E-04
1.6940E-06,8.25881796423E-03,1.276501728529E-04
1.6942E-06,8.28409312758E-03,1.199651904246E-04
1.6944E-06,8.22761516552E-03,1.227750222506E-04
1.6946E-06,8.32852908876E-03,1.202351548085E-04
1.6948E-06,8.27282342594E-03,1.167102424270E-04
1.6950E-06,8.07748107705E-03,1.181396819493E-04
1.6952E-06,8.07437278796E-03,1.217912470298E-04
1.6954E-06,8.23835354764E-03,1.258184476132E-04
1.6956E-06,8.42188556213E-03,1.237873279797E-04
1.6958E-06,8.37306377012E-03,1.160312968148E-04
1.6960E-06,8.33052374888E-03,1.080124824615E-04
1.6962E-06,8.34812923800E-03,1.061088134376E-04
1.6964E-06,8.27971963677E-03,1.065869284170E-04
1.6966E-06,8.15249561798E-03,1.082371393992E-04
1.6968E-06,8.08726415504E-03,1.038907468161E-04
1.6970E-06,8.04442261811E-03,1.041719721472E-04
1.6972E-06,8.06520182174E-03,1.093943873262E-04
1.6974E-06,8.25872879010E-03,1.014757489162E-04
1.6976E-06,8.24329747353E-03,9.543480233569E-05
1.6978E-06,8.10483448673E-03,8.960242265184E-05
1.6980E-06,8.14008364919E-03,8.739267511573E-05
1.6982E-06,8.25179509353E-03,8.791575756204E-05
1.6984E-06,8.18902139086E-03,8.798395463546E-05
1.6986E-06,8.17800989840E-03,8.915783379507E-05
1.6988E-06,8.21938530076E-03,8.926131239441E-05
1.6990E-06,8.26929394621E-03,8.506471885648E-05
1.6992E-06,8.31276901532E-03,7.558517300804E-05
1.6994E-06,8.28410709742E-03,6.888642891590E-05
1.6996E-06,8.21382786613E-03,6.686257373822E-05
1.6998E-06,8.16191804130E-03,7.036477688980E-05
1.7000E-06,8.18773267325E-03,6.885693397653E-05
1.7002E-06,8.26069341507E-03,6.360015313421E-05
1.7004E-06,8.32078886684E-03,5.734652521369E-05
1.7006E-06,8.33846350666E-03,5.625125759561E-05
1.7008E-06,8.30455358606E-03,5.170912019257E-05
1.7010E-06,8.21749867406E-03,4.537679747027E-05
1.7012E-06,8.17137771752E-03,4.421449148376E-05
1.7014E-06,8.15517200623E-03,4.227552011889E-05
1.7016E-06,8.26949045528E-03,3.708177421522E-05
1.7018E-06,8.29303335864E-03,3.698891823460E-05
1.7020E-06,8.24831683654E-03,3.424803282414E-05
1.7022E-06,8.22165213991E-03,2.784427281749E-05
1.7024E-06,8.09818391222E-03,1.699284108636E-05
1.7026E-06,8.13116600271E-03,1.441751172115E-05
1.7028E-06,8.06401019450E-03,1.410189991166E-05
1.7030E-06,8.17882294301E-03,1.195928094257E-05
1.7032E-06,8.28101161402E-03,7.533145866363E-06
1.7034E-06,8.17627065349E-03,5.778561653624E-07
1.7036E-06,8.04499235470E-03,-2.545873696910E-06
1.7038E-06,8.18992919754E-03,-4.607404132367E-06
1.7040E-06,8.33102386910E-03,-1.150417576264E-05
1.7042E-06,8.42600433621E-03,-1.435257789399E-05
1.7044E-06,8.61954085063E-03,-1.390849553700E-05
1.7046E-06,8.57263362501E-03,-1.709865319263E-05
1.7048E-06,8.34620535839E-03,-1.893282073270E-05
1.7050E-06,8.29346037004E-03,-2.280355451349E-05
1.7052E-06,8.24977319222E-03,-2.416102943662E-05
1.7054E-06,8.28908571508E-03,-2.599930448178E-05
1.7056E-06,8.24495220091E-03,-3.383771471399E-05
1.7058E-06,8.26794958208E-03,-4.065988517086E-05
1.7060E-06,8.19835859816E-03,-4.567292166594E-05
1.7062E-06,8.17827905062E-03,-5.172521245386E-05
1.7064E-06,8.18314567674E-03,-5.548533500824E-05
1.7066E-06,8.29582127277E-03,-4.873526097927E-05
1.7068E-06,8.30448327120E-03,-5.250243290048E-05
1.7070E-06,8.39028485585E-03,-6.335899901296E-05
1.7072E-06,8.33802578505E-03,-6.635768587421E-05
1.7074E-06,8.28100230079E-03,-6.719271667953E-05
1.7076E-06,8.30552332569E-03,-6.750143176596E-05
1.7078E-06,8.35324708838E-03,-7.170151529554E-05
1.7080E-06,8.34126515780E-03,-7.773288001026E-05
1.7082E-06,8.18612008821E-03,-8.427850852441E-05
1.7084E-06,8.22167751845E-03,-8.736196124646E-05
1.7086E-06,8.16093875561E-03,-8.517074605170E-05
1.7088E-06,8.13770924229E-03,-8.761718856822E-05
1.7090E-06,8.24836875778E-03,-9.004049861524E-05
1.7092E-06,8.30258337315E-03,-9.435564779397E-05
1.7094E-06,8.07991043199E-03,-9.768161677476E-05
1.7096E-06,8.02784973290E-03,-1.028891630629E-04
1.7098E-06,8.04671809543E-03,-1.061045555090E-04
1.7100E-06,8.05539103690E-03,-1.075823553530E-04
1.7102E-06,8.12688448001E-03,-1.111667849282E-04
1.7104E-06,8.20128248539E-03,-1.157125441516E-04
1.7106E-06,8.12684652861E-03,-1.143005060190E-04
1.7108E-06,8.10654416215E-03,-1.121190669639E-04
1.7110E-06,8.29404454213E-03,-1.150252725156E-04
1.7112E-06,8.34040042478E-03,-1.193251365023E-04
1.7114E-06,8.31451710779E-03,-1.239556130180E-04
1.7116E-06,8.21564883459E-03,-1.252596279299E-04
1.7118E-06,8.25081836898E-03,-1.270664097900E-04
1.7120E-06,8.32732768264E-03,-1.325550010120E-04
1.7122E-06,8.40536040719E-03,-1.338284802316E-04
1.7124E-06,8.36088207085E-03,-1.338437654236E-04
1.7126E-06,8.36431585718E-03,-1.378059120076E-04
1.7128E-06,8.32945459057E-03,-1.423124209670E-04
1.7130E-06,8.29294022638E-03,-1.404221984716E-04
1.7132E-06,8.31563516054E-03,-1.383782290081E-04
1.7134E-06,8.39848864358E-03,-1.409472305952E-04
1.7136E-06,8.40979443397E-03,-1.465506723775E-04
1.7138E-06,8.43466610182E-03,-1.509469655966E-04
1.7140E-06,8.41037511360E-03,-1.488623304451E-04
1.7142E-06,8.32726411987E-03,-1.460433399929E-04
1.7144E-06,8.18954013754E-03,-1.482736944379E-04
1.7146E-06,8.22017459664E-03,-1.490416868748E-04
1.7148E-06,8.28927221242E-03,-1.504508664058E-04
1.7150E-06,8.38966482784E-03,-1.506565538859E-04
1.7152E-06,8.51271605585E-03,-1.521142047523E-04
1.7154E-06,8.44482776243E-03,-1.561496619759E-04
1.7156E-06,8.29674467910E-03,-1.618604886504E-04
1.7158E-06,8.15324835945E-03,-1.619482102496E-04
1.7160E-06,8.18478480447E-03,-1.542835641345E-04
1.7162E-06,8.31748686265E-03,-1.528246921180E-04
1.7164E-06,8.16129335668E-03,-1.567146798288E-04
1.7166E-06,8.10577209573E-03,-1.603220892297E-04
1.7168E-06,8.29617820214E-03,-1.579392852886E-04
1.7170E-06,8.20233534556E-03,-1.549798556296E-04
1.7172E-06,8.11079029459E-03,-1.585927740829E-04
1.7174E-06,8.23683782015E-03,-1.588418540237E-04
1.7176E-06,8.36362318601E-03,-1.570543469088E-04
1.7178E-06,8.33312237169E-03,-1.587195933023E-04
1.7180E-06,8.23003846686E-03,-1.578688748805E-04
1.7182E-06,8.27922789846E-03,-1.530483152410E-04
1.7184E-06,8.26754701789E-03,-1.534964495962E-04
1.7186E-06,8.29815214034E-03,-1.582586091170E-04
1.7188E-06,8.19652389269E-03,-1.526107549360E-04
1.7190E-06,8.15096778329E-03,-1.513962794719E-04
1.7192E-06,8.13801797572E-03,-1.569494320704E-04
1.7194E-06,8.09027651790E-03,-1.541835130816E-04
1.7196E-06,8.09697202872E-03,-1.546357133118E-04
1.7198E-06,8.22681562509E-03,-1.564735928709E-04
1.7200E-06,8.23448320385E-03,-1.577234678129E-04
1.7202E-06,8.25269801076E-03,-1.539606323624E-04
1.7204E-06,8.28856999520E-03,-1.522708935821E-04
1.7206E-06,8.16777862143E-03,-1.482578819310E-04
1.7208E-06,8.10845314059E-03,-1.421028063791E-04
1.7210E-06,8.21658574510E-03,-1.405947067467E-04
1.7212E-06,8.42235401738E-03,-1.445963880671E-04
1.7214E-06,8.50913186092E-03,-1.457041100291E-04
1.7216E-06,8.34926265757E-03,-1.454978119740E-04
1.7218E-06,8.15806376282E-03,-1.446084538633E-04
1.7220E-06,8.08767067734E-03,-1.436603348395E-04
1.7222E-06,8.18435080815E-03,-1.415881679086E-04
1.7224E-06,8.28016248066E-03,-1.372178518837E-04
1.7226E-06,8.28181255143E-03,-1.331750330673E-04
1.7228E-06,8.32372323144E-03,-1.346294090310E-04
1.7230E-06,8.50584196392E-03,-1.329115976738E-04
1.7232E-06,8.40777695645E-03,-1.272608710146E-04
1.7234E-06,8.34287285339E-03,-1.211799525814E-04
1.7236E-06,8.34280533250E-03,-1.201203689137E-04
1.7238E-06,8.26326526236E-03,-1.227546395892E-04
1.7240E-06,8.16358604003E-03,-1.189352843137E-04
1.7242E-06,8.11957033817E-03,-1.172056083726E-04
1.7244E-06,8.24564370792E-03,-1.129924946157E-04
1.7246E-06,8.20276468526E-03,-1.094170432696E-04
1.7248E-06,8.25691550504E-03,-1.073774380302E-04
1.7250E-06,8.33437779453E-03,-1.062452375581E-04
1.7252E-06,8.16951623652E-03,-1.057747686440E-04
1.7254E-06,8.12101062853E-03,-1.034061189434E-04
1.7256E-06,8.15468119923E-03,-1.028229572969E-04
1.7258E-06,8.25950318482E-03,-1.005258489558E-04
1.7260E-06,8.32579309586E-03,-9.768637648504E-05
1.7262E-06,8.18788541015E-03,-9.283385185245E-05
1.7264E-06,8.12157454435E-03,-9.239124736469E-05
1.7266E-06,8.12493103091E-03,-8.602401778753E-05
1.7268E-06,8.14207947347E-03,-8.073418956901E-05
1.7270E-06,8.19724706467E-03,-8.456493762042E-05
1.7272E-06,8.28613738064E-03,-8.150576913449E-05
1.7274E-06,8.30711844843E-03,-7.039196357782E-05
1.7276E-06,8.34579697344E-03,-7.006679765600E-05
1.7278E-06,8.35996099282E-03,-7.489610655885E-05
1.7280E-06,8.24783045333E-03,-7.501082529034E-05
1.7282E-06,8.21423974354E-03,-7.048768509831E-05
1.7284E-06,8.39956385549E-03,-6.370298868697E-05
1.7286E-06,8.41562078800E-03,-5.719880989473E-05
1.7288E-06,8.28859677073E-03,-5.498666862677E-05
1.7290E-06,8.19952531252E-03,-5.584753092098E-05
1.7292E-06,8.22699816432E-03,-5.300848862808E-05
1.7294E-06,8.32313277293E-03,-5.066803639475E-05
1.7296E-06,8.26818497386E-03,-5.006730683799E-05
1.7298E-06,8.09168304782E-03,-4.501599838677E-05
1.7300E-06,8.07990903500E-03,-4.023697866778E-05
1.7302E-06,8.32197560463E-03,-3.634658853243E-05
1.7304E-06,8.41902849730E-03,-3.621630707476E-05
1.7306E-06,8.47877563443E-03,-3.095208137948E-05
1.7308E-06,8.38562079240E-03,-2.646418802160E-05
1.7310E-06,8.27300154138E-03,-2.434962775278E-05
1.7312E-06,8.19131547119E-03,-2.272587964963E-05
1.7314E-06,8.22868967894E-03,-1.832869138289E-05
1.7316E-06,8.36761157494E-03,-1.690628041233E-05
1.7318E-06,8.33308511879E-03,-1.847189899254E-05
1.7320E-06,8.19539792370E-03,-1.934703347924E-05
1.7322E-06,8.26305827591E-03,-1.594051021802E-05
1.7324E-06,8.31683703232E-03,-1.280377094354E-05
1.7326E-06,8.37023464497E-03,-7.115715944202E-06
1.7328E-06,8.37354479823E-03,-4.283792401657E-06
1.7330E-06,8.19656347390E-03,8.089935248784E-07
1.7332E-06,8.10097741429E-03,4.779417564167E-06
1.7334E-06,8.23073323350E-03,4.901928066282E-06
1.7336E-06,8.33812729921E-03,7.659972024156E-06
1.7338E-06,8.25626940001E-03,1.829793144298E-05
1.7340E-06,8.15121411811E-03,2.344096492325E-05
1.7342E-06,8.22040742729E-03,1.929366144632E-05
1.7344E-06,8.14714540262E-03,2.197494640295E-05
1.7346E-06,8.10178813059E-03,2.778599065077E-05
1.7348E-06,8.25423888396E-03,2.852187238914E-05
1.7350E-06,8.39695685077E-03,2.685412125011E-05
1.7352E-06,8.35174975451E-03,3.157142431755E-05
1.7354E-06,8.38316373061E-03,4.023899550830E-05
1.7356E-06,8.42444274109E-03,4.411697292980E-05
1.7358E-06,8.58583884779E-03,3.818514582981E-05
1.7360E-06,8.50361167919E-03,4.000421551336E-05
1.7362E-06,8.15124880988E-03,4.413846794796E-05
1.7364E-06,8.11318565626E-03,4.979043657240E-05
1.7366E-06,8.39327160735E-03,5.043970684801E-05
1.7368E-06,8.45032256562E-03,5.249123217818E-05
1.7370E-06,8.31857394893E-03,5.617351334822E-05
1.7372E-06,8.20522407535E-03,5.757856455912E-05
1.7374E-06,8.22889131028E-03,5.659339472932E-05
1.7376E-06,8.31053104717E-03,5.926256532130E-05
1.7378E-06,8.34955788683E-03,6.279105789308E-05
1.7380E-06,8.18147185724E-03,6.524310659897E-05
1.7382E-06,8.10302865226E-03,7.347162573878E-05
1.7384E-06,8.20568950381E-03,7.364412707557E-05
1.7386E-06,8.18549749907E-03,7.613382328582E-05
1.7388E-06,8.19445053581E-03,8.414352064301E-05
1.7390E-06,8.32717610989E-03,8.208226080333E-05
1.7392E-06,8.38986180257E-03,8.121177501325E-05
1.7394E-06,8.20107386913E-03,8.291315635015E-05
1.7396E-06,8.07301072869E-03,8.691241618526E-05
1.7398E-06,8.24514894280E-03,8.891743373406E-05
1.7400E-06,8.46297597978E-03,9.307617161703E-05
1.7402E-06,8.25501700397E-03,9.857683557366E-05
1.7404E-06,8.23773165699E-03,9.972693005857E-05
1.7406E-06,8.25768943410E-03,1.032364809262E-04
1.7408E-06,8.21940741967E-03,1.007766335113E-04
1.7410E-06,8.16381235141E-03,9.485714280327E-05
1.7412E-06,8.17714260425E-03,9.848801771459E-05
1.7414E-06,8.17099028733E-03,9.962950864155E-05
1.7416E-06,8.24523136485E-03,1.001124249613E-04
1.7418E-06,8.15594640095E-03,1.025799184414E-04
1.7420E-06,8.09070865158E-03,1.071021635858E-04
1.7422E-06,8.07256881613E-03,1.080084720934E-04
1.7424E-06,8.29952584114E-03,1.109604152693E-04
1.7426E-06,8.40035873931E-03,1.137802660773E-04
1.7428E-06,8.42214423697E-03,1.184997755410E-04
1.7430E-06,8.35186314303E-03,1.199681253480E-04
1.7432E-06,8.29918404575E-03,1.205039119190E-04
1.7434E-06,8.39266252238E-03,1.230151309008E-04
1.7436E-06,8.39921065140E-03,1.272432523156E-04
1.7438E-06,8.31124909688E-03,1.299963422893E-04
1.7440E-06,8.13371456694E-03,1.267319026245E-04
1.7442E-06,8.24014168698E-03,1.243990548262E-04
1.7444E-06,8.26089248527E-03,1.299120551748E-04
1.7446E-06,8.28292594757E-03,1.351934810476E-04
1.7448E-06,8.32066989038E-03,1.334860494668E-04
1.7450E-06,8.27313192654E-03,1.305376309743E-04
1.7452E-06,8.10817304533E-03,1.318498886498E-04
1.7454E-06,8.12140108552E-03,1.333201048737E-04
1.7456E-06,8.30454380717E-03,1.349810494883E-04
1.7458E-06,8.32630252931E-03,1.406016428797E-04
1.7460E-06,8.18819740321E-03,1.442362367483E-04
1.7462E-06,8.04117952008E-03,1.415255886810E-04
1.7464E-06,8.08035490569E-03,1.366324954974E-04
1.7466E-06,8.25840562116E-03,1.365463419659E-04
1.7468E-06,8.31236132886E-03,1.425151157966E-04
1.7470E-06,8.38876889553E-03,1.447184314793E-04
1.7472E-06,8.54869304690E-03,1.405985275591E-04
1.7474E-06,8.39618571568E-03,1.426642487599E-04
1.7476E-06,8.16487033386E-03,1.476505170884E-04
1.7478E-06,7.98022399191E-03,1.449912683414E-04
1.7480E-06,8.13953766134E-03,1.460587547934E-04
1.7482E-06,8.17721524741E-03,1.527026373269E-04
1.7484E-06,8.10270944144E-03,1.543494068859E-04
1.7486E-06,8.11406715307E-03,1.505542595247E-04
1.7488E-06,8.16298673395E-03,1.554576145327E-04
1.7490E-06,8.19281327072E-03,1.532768554362E-04
1.7492E-06,8.28134758863E-03,1.540535208145E-04
1.7494E-06,8.39725673664E-03,1.558823458226E-04
1.7496E-06,8.23458937462E-03,1.548287777072E-04
1.7498E-06,8.14481942449E-03,1.451998907449E-04
1.7500E-06,8.17788789514E-03,1.399816455161E-04
1.7502E-06,8.38338911068E-03,1.442624567850E-04
1.7504E-06,8.36433541495E-03,1.472062820876E-04
1.7506E-06,8.13435182441E-03,1.496680861181E-04
1.7508E-06,8.00305792596E-03,1.523154147742E-04
1.7510E-06,8.29789439682E-03,1.454632290015E-04
1.7512E-06,8.45082431566E-03,1.447032850543E-04
1.7514E-06,8.21346441749E-03,1.484988279017E-04
1.7516E-06,8.17597891670E-03,1.495934710680E-04
1.7518E-06,8.17664574366E-03,1.520001429441E-04
1.7520E-06,8.14297214616E-03,1.479423303464E-04
1.7522E-06,8.25844892766E-03,1.415883807773E-04
1.7524E-06,8.34004954900E-03,1.465764183858E-04
1.7526E-06,8.26287410688E-03,1.500656051869E-04
1.7528E-06,8.23253557552E-03,1.448450286714E-04
1.7530E-06,8.34908454213E-03,1.425115356064E-04
1.7532E-06,8.35383824538E-03,1.423925150959E-04
1.7534E-06,8.36160920095E-03,1.423428503638E-04
1.7536E-06,8.35427829530E-03,1.413850662140E-04
1.7538E-06,8.22209475096E-03,1.416424791170E-04
1.7540E-06,8.18282879423E-03,1.368021382326E-04
1.7542E-06,8.33146764431E-03,1.320193509879E-04
1.7544E-06,8.35041516926E-03,1.301420546444E-04
1.7546E-06,8.20474328007E-03,1.326363787362E-04
1.7548E-06,8.18787307013E-03,1.354382175794E-04
1.7550E-06,8.26458168682E-03,1.340632441295E-04
1.7552E-06,8.29817053396E-03,1.327714268426E-04
1.7554E-06,8.24270375539E-03,1.318866272299E-04
1.7556E-06,8.21530727204E-03,1.317103791824E-04
1.7558E-06,8.23464571964E-03,1.282247448182E-04
1.7560E-06,8.18002621177E-03,1.269365354749E-04
1.7562E-06,8.24584021699E-03,1.244479008326E-04
1.7564E-06,8.16485473420E-03,1.229950582450E-04
1.7566E-06,8.10986921657E-03,1.235517431358E-04
1.7568E-06,8.11936102342E-03,1.223374550073E-04
1.7570E-06,8.22249941062E-03,1.208461947581E-04
1.7572E-06,8.36502831895E-03,1.188103709212E-04
1.7574E-06,8.47867947537E-03,1.127453551935E-04
1.7576E-06,8.39389489498E-03,1.079045286244E-04
1.7578E-06,8.18259293679E-03,1.068510160158E-04
1.7580E-06,8.14217865933E-03,1.074547845712E-04
1.7582E-06,8.31394108478E-03,1.071147428202E-04
1.7584E-06,8.24553497601E-03,1.063517668126E-04
1.7586E-06,8.19917979184E-03,1.069109564489E-04
1.7588E-06,8.20832211990E-03,1.009934292948E-04
1.7590E-06,8.25449197087E-03,9.658751951811E-05
1.7592E-06,8.30808353145E-03,9.740322700982E-05
1.7594E-06,8.45682878513E-03,9.818172411342E-05
1.7596E-06,8.26908370014E-03,9.438452993800E-05
1.7598E-06,8.11553212348E-03,8.943665845600E-05
1.7600E-06,8.21456104983E-03,8.426376924199E-05
1.7602E-06,8.31913507078E-03,8.653434532043E-05
1.7604E-06,8.35724246222E-03,8.564699239378E-05
1.7606E-06,8.26206734870E-03,8.491795881000E-05
1.7608E-06,8.21996435057E-03,8.036255527568E-05
1.7610E-06,8.12942582648E-03,8.049840129261E-05
1.7612E-06,8.18752196152E-03,7.901022167225E-05
1.7614E-06,8.34382396657E-03,8.188612743561E-05
1.7616E-06,8.29894353170E-03,7.765397483763E-05
1.7618E-06,8.14059238415E-03,7.133339180891E-05
1.7620E-06,8.08995940257E-03,6.741828032118E-05
1.7622E-06,8.28139601741E-03,6.307444799040E-05
1.7624E-06,8.26237421948E-03,6.202565346193E-05
1.7626E-06,8.12039525714E-03,6.152301834245E-05
1.7628E-06,8.21151120122E-03,5.554097838049E-05
1.7630E-06,8.34758208599E-03,5.111242181901E-05
1.7632E-06,8.30148417968E-03,5.010594430660E-05
1.7634E-06,8.24746001977E-03,4.763263648656E-05
1.7636E-06,8.12102878932E-03,4.619022224378E-05
1.7638E-06,8.27077405061E-03,4.487494638470E-05
1.7640E-06,8.09258154128E-03,4.419718723093E-05
1.7642E-06,8.02148507442E-03,3.858534310293E-05
1.7644E-06,8.18884280976E-03,3.406482560840E-05
1.7646E-06,8.37172895204E-03,3.539284722228E-05
1.7648E-06,8.40688335244E-03,3.759670409654E-05
1.7650E-06,8.12369563151E-03,3.388927833457E-05
1.7652E-06,8.02759222221E-03,2.966674923245E-05
1.7654E-06,8.25753623154E-03,2.970386248362E-05
1.7656E-06,8.30048813019E-03,2.806638337952E-05
1.7658E-06,7.97978324350E-03,2.511738900375E-05
1.7660E-06,8.01398816053E-03,1.835823960882E-05
1.7662E-06,8.33181386348E-03,1.345894353744E-05
1.7664E-06,8.42771517578E-03,1.394945735392E-05
1.7666E-06,8.36964046117E-03,1.434202243854E-05
1.7668E-06,8.25128240045E-03,1.409212377202E-05
1.7670E-06,8.35950790439E-03,1.021308478248E-05
1.7672E-06,8.39081268292E-03,5.701670407324E-06
1.7674E-06,8.18740508053E-03,6.088934590115E-06
1.7676E-06,8.11643224675E-03,8.063298494562E-06
1.7678E-06,8.19443819579E-03,4.979713943793E-06
1.7680E-06,8.26274954248E-03,8.051635539217E-07
1.7682E-06,8.17171369214E-03,-3.682986523019E-06
1.7684E-06,8.21155543905E-03,-1.927999469445E-06
1.7686E-06,8.28058995772E-03,-2.773625140073E-06
1.7688E-06,8.40420649853E-03,-5.186416643665E-06
1.7690E-06,8.47882080357E-03,-1.003797684516E-05
1.7692E-06,8.27846211847E-03,-1.162659606616E-05
1.7694E-06,8.36098265368E-03,-8.994330574752E-06
1.7696E-06,8.34794367198E-03,-8.127313961269E-06
1.7698E-06,8.26280472334E-03,-1.454910674784E-05
1.7700E-06,8.24954036157E-03,-1.965217531379E-05
1.7702E-06,8.26293860096E-03,-1.951714108418E-05
1.7704E-06,8.14931119326E-03,-1.613674766104E-05
1.7706E-06,8.19166262168E-03,-1.518801112379E-05
1.7708E-06,8.26560823712E-03,-2.218356408830E-05
1.7710E-06,8.23575771879E-03,-2.573570950608E-05
1.7712E-06,8.21771124843E-03,-2.367635771352E-05
1.7714E-06,8.23256118689E-03,-2.411366129945E-05
1.7716E-06,8.36033212487E-03,-2.914055368583E-05
1.7718E-06,8.37252569850E-03,-2.792310860659E-05
1.7720E-06,8.23640591930E-03,-3.036324416007E-05
1.7722E-06,8.10444728937E-03,-3.096081676613E-05
1.7724E-06,8.04639515933E-03,-2.882119516562E-05
1.7726E-06,8.07486569043E-03,-3.214696293417E-05
1.7728E-06,8.22293852921E-03,-3.752283367048E-05
1.7730E-06,8.26814120170E-03,-3.980424745660E-05
1.7732E-06,8.28479324933E-03,-3.865360484179E-05
1.7734E-06,8.22408568580E-03,-3.789209976512E-05
1.7736E-06,8.20870070252E-03,-3.625948444660E-05
1.7738E-06,8.26835540589E-03,-3.747368931490E-05
1.7740E-06,8.31340301316E-03,-4.242693802062E-05
1.7742E-06,8.46587425563E-03,-4.141748395468E-05
1.7744E-06,8.28646194655E-03,-4.234020166750E-05
1.7746E-06,8.15140550490E-03,-4.505840560141E-05
1.7748E-06,8.27119663823E-03,-4.519000534619E-05
1.7750E-06,8.35304336157E-03,-4.386837395559E-05
1.7752E-06,8.30860460643E-03,-4.756882667262E-05
1.7754E-06,8.25317158829E-03,-4.913774097058E-05
1.7756E-06,8.33857293706E-03,-4.772429435234E-05
1.7758E-06,8.27158686239E-03,-4.389797297026E-05
1.7760E-06,8.22520117741E-03,-3.874358140583E-05
1.7762E-06,8.31063908059E-03,-4.449941023904E-05
1.7764E-06,8.43374944758E-03,-4.805201358813E-05
1.7766E-06,8.41964642983E-03,-5.017393544968E-05
1.7768E-06,8.38072808925E-03,-4.968993674684E-05
1.7770E-06,8.22763309348E-03,-4.588723351899E-05
1.7772E-06,8.29355792608E-03,-4.547400601860E-05
1.7774E-06,8.36567163002E-03,-4.826666542049E-05
1.7776E-06,8.26863014605E-03,-5.787545891199E-05
1.7778E-06,8.19125726353E-03,-5.242864351440E-05
1.7780E-06,8.21340877097E-03,-4.809483016561E-05
1.7782E-06,8.24856759515E-03,-4.613494660425E-05
1.7784E-06,8.33160431590E-03,-4.256999298650E-05
1.7786E-06,8.31030427012E-03,-4.111643574852E-05
1.7788E-06,8.20357563440E-03,-4.279659266304E-05
1.7790E-06,8.29600218218E-03,-4.843503843713E-05
1.7792E-06,8.33363296930E-03,-5.335713393706E-05
1.7794E-06,8.18722859491E-03,-5.038554828334E-05
1.7796E-06,8.15534383524E-03,-4.592564424220E-05
1.7798E-06,8.13848852646E-03,-4.358984764385E-05
1.7800E-06,8.27188372146E-03,-4.477599381189E-05
1.7802E-06,8.31517532002E-03,-4.734561985079E-05
1.7804E-06,8.11431255657E-03,-4.717926589492E-05
1.7806E-06,8.27075798530E-03,-4.570869581494E-05
1.7808E-06,8.32277514506E-03,-4.206009341124E-05
1.7810E-06,8.20760849398E-03,-4.235708268079E-05
1.7812E-06,8.22914719116E-03,-4.407168851885E-05
1.7814E-06,8.34836183581E-03,-4.022460758406E-05
1.7816E-06,8.27488816809E-03,-3.771920294221E-05
1.7818E-06,8.24027998838E-03,-3.873689977172E-05
1.7820E-06,8.16566382069E-03,-3.799480126891E-05
1.7822E-06,8.17455026787E-03,-3.827100323233E-05
1.7824E-06,8.11969699804E-03,-3.567836267594E-05
1.7826E-06,8.16968294326E-03,-3.390410087723E-05
1.7828E-06,8.26772164088E-03,-3.856583467405E-05
1.7830E-06,8.20644457359E-03,-4.235381471645E-05
1.7832E-06,8.11448880937E-03,-3.406581307481E-05
1.7834E-06,8.08977895882E-03,-2.408786450233E-05
1.7836E-06,8.19139183964E-03,-2.292695312481E-05
1.7838E-06,8.25914811809E-03,-3.061749317403E-05
1.7840E-06,8.19969946984E-03,-3.084109548199E-05
1.7842E-06,8.22388614993E-03,-2.822453148383E-05
1.7844E-06,8.33746885415E-03,-2.388275984395E-05
1.7846E-06,8.44679844100E-03,-1.833008599188E-05
1.7848E-06,8.35265546571E-03,-2.436024343315E-05
1.7850E-06,8.34650664125E-03,-1.990894988831E-05
1.7852E-06,8.29173136968E-03,-1.987648533377E-05
1.7854E-06,8.16539513413E-03,-2.403824833873E-05
1.7856E-06,8.11194653157E-03,-2.361424557585E-05
1.7858E-06,8.08684273157E-03,-2.703599158395E-05
1.7860E-06,8.16393132787E-03,-2.797719306964E-05
1.7862E-06,8.26912304852E-03,-1.812426668312E-05
1.7864E-06,8.27887655701E-03,-1.113595735933E-05
1.7866E-06,8.18157104310E-03,-1.213687725085E-05
1.7868E-06,8.27239292208E-03,-1.498282320517E-05
1.7870E-06,8.32777634729E-03,-1.584142359625E-05
1.7872E-06,8.17465504166E-03,-1.286165762413E-05
1.7874E-06,8.07206823025E-03,-7.973011924879E-06
1.7876E-06,8.12506281305E-03,-4.732724667521E-06
1.7878E-06,8.19329429883E-03,-1.105477168876E-05
1.7880E-06,8.23390205856E-03,-1.123115156497E-05
1.7882E-06,8.21916294750E-03,-6.107483028428E-06
1.7884E-06,8.16769270692E-03,-2.540593193774E-07
1.7886E-06,8.34397064987E-03,1.653460490523E-06
1.7888E-06,8.41706340667E-03,3.500221141621E-06
1.7890E-06,8.32552161533E-03,2.181489982649E-06
1.7892E-06,8.26804131735E-03,-2.658406430787E-07
1.7894E-06,8.31160090398E-03,-7.056975429819E-07
1.7896E-06,8.36172864307E-03,7.141704794957E-06
1.7898E-06,8.38989300188E-03,6.734374894768E-06
1.7900E-06,8.28299533110E-03,6.831713051542E-06
1.7902E-06,8.26487295795E-03,1.248795570154E-05
1.7904E-06,8.27049954329E-03,1.490259280708E-05
1.7906E-06,8.21004692931E-03,1.578149481956E-05
1.7908E-06,8.10923312325E-03,1.637831808348E-05
1.7910E-06,8.10514973942E-03,1.970104685333E-05
1.7912E-06,8.24114332441E-03,2.023869984132E-05
1.7914E-06,8.18282530177E-03,1.646652536747E-05
1.7916E-06,8.17817986477E-03,1.781045662519E-05
1.7918E-06,8.25844473671E-03,2.365492292029E-05
1.7920E-06,8.18736899178E-03,2.405946360250E-05
1.7922E-06,8.13851600047E-03,2.625829710905E-05
1.7924E-06,8.12086138409E-03,2.903105037567E-05
1.7926E-06,8.13114132266E-03,3.189271863830E-05
1.7928E-06,8.31637649331E-03,3.199111142476E-05
1.7930E-06,8.27451354358E-03,2.912909624447E-05
1.7932E-06,8.08209391776E-03,2.897442647536E-05
1.7934E-06,8.19947036449E-03,3.276815841254E-05
1.7936E-06,8.18362926599E-03,3.217970974092E-05
1.7938E-06,8.22869736235E-03,3.294689039048E-05
1.7940E-06,8.31353246700E-03,3.762810014468E-05
1.7942E-06,8.34610430989E-03,3.899372069445E-05
1.7944E-06,8.33092025947E-03,4.325764401165E-05
1.7946E-06,8.22471363004E-03,4.517595296074E-05
1.7948E-06,8.13723030966E-03,4.143470966537E-05
1.7950E-06,8.27167347539E-03,3.886405675021E-05
1.7952E-06,8.21846119594E-03,4.463931991067E-05
1.7954E-06,8.16493622493E-03,4.522740778793E-05
1.7956E-06,8.11675797682E-03,4.663953611907E-05
1.7958E-06,8.22286635172E-03,4.629454732221E-05
1.7960E-06,8.18245905917E-03,4.284466629197E-05
1.7962E-06,8.22887082118E-03,4.116316333693E-05
1.7964E-06,8.15466187429E-03,4.420128085931E-05
1.7966E-06,8.17391906399E-03,4.651377846767E-05
1.7968E-06,8.24811916333E-03,4.759830551502E-05
1.7970E-06,8.39438453782E-03,5.381336313021E-05
1.7972E-06,8.33889610600E-03,5.715178645496E-05
1.7974E-06,8.21387140546E-03,5.729513977003E-05
1.7976E-06,8.29840685706E-03,5.334167306591E-05
1.7978E-06,8.35774165112E-03,5.151613683720E-05
1.7980E-06,8.25714204926E-03,5.591331816558E-05
1.7982E-06,8.17372115794E-03,5.884993451927E-05
1.7984E-06,8.24793941807E-03,5.661201726925E-05
1.7986E-06,8.30870914739E-03,6.074590890948E-05
1.7988E-06,8.37490033824E-03,5.880926189293E-05
1.7990E-06,8.31478276756E-03,5.823902639840E-05
1.7992E-06,8.34455831442E-03,6.070582604316E-05
1.7994E-06,8.38432788383E-03,6.693293557782E-05
1.7996E-06,8.30936735961E-03,7.181054929551E-05
1.7998E-06,8.34255923051E-03,6.493703502510E-05
1.8000E-06,8.30617501866E-03,6.253626074922E-05
1.8002E-06,8.19654135499E-03,6.615196842049E-05
1.8004E-06,8.09067908209E-03,6.884443106410E-05
1.8006E-06,8.09608098585E-03,7.174285178353E-05
1.8008E-06,8.17040238995E-03,7.097912643385E-05
1.8010E-06,8.14472210128E-03,6.899098295998E-05
1.8012E-06,8.18847889546E-03,7.318607087527E-05
1.8014E-06,8.23423081543E-03,7.738772247267E-05
1.8016E-06,8.17388972733E-03,7.625772145857E-05
1.8018E-06,8.22299999650E-03,7.451203873661E-05
1.8020E-06,8.30667886417E-03,7.591242737417E-05
1.8022E-06,8.35374092217E-03,7.914379884769E-05
1.8024E-06,8.31917628180E-03,7.861964789499E-05
1.8026E-06,8.41780357528E-03,8.131141670328E-05
1.8028E-06,8.34438834805E-03,8.330021238235E-05
1.8030E-06,8.25740444939E-03,7.993701219839E-05
1.8032E-06,8.36535241920E-03,7.527105988283E-05
1.8034E-06,8.38054508436E-03,7.975495674927E-05
1.8036E-06,8.29430275131E-03,8.457947125007E-05
1.8038E-06,8.29493069556E-03,8.645057164413E-05
1.8040E-06,8.41544802766E-03,8.643494647276E-05
1.8042E-06,8.40789663140E-03,8.471542828065E-05
1.8044E-06,8.32103962544E-03,8.385871512164E-05
1.8046E-06,8.22289475705E-03,8.438983911929E-05
1.8048E-06,8.38164707180E-03,8.801650938858E-05
1.8050E-06,8.40466238093E-03,9.339067329001E-05
1.8052E-06,8.22395856026E-03,9.678580377531E-05
1.8054E-06,8.12184299808E-03,9.369855577406E-05
1.8056E-06,8.24207208585E-03,9.288050311898E-05
1.8058E-06,8.24661228340E-03,9.544891494606E-05
1.8060E-06,8.19242025260E-03,8.801868803148E-05
1.8062E-06,8.30195636023E-03,9.060294011888E-05
1.8064E-06,8.31566053908E-03,9.419636179973E-05
1.8066E-06,8.24953896459E-03,9.277416591813E-05
1.8068E-06,8.18478573579E-03,9.068139207829E-05
1.8070E-06,8.26831303071E-03,9.433017487918E-05
1.8072E-06,8.42584019061E-03,9.716288939399E-05
1.8074E-06,8.40456761885E-03,9.636117656064E-05
1.8076E-06,8.34281604271E-03,9.557305596118E-05
1.8078E-06,8.32482335623E-03,9.604514151160E-05
1.8080E-06,8.34582235198E-03,9.363790762891E-05
1.8082E-06,8.19475531112E-03,9.144501335268E-05
1.8084E-06,8.32653279882E-03,9.866013050359E-05
1.8086E-06,8.40616250876E-03,1.003744171774E-04
1.8088E-06,8.33533752244E-03,9.577963155043E-05
1.8090E-06,8.33641739096E-03,1.005323132807E-04
1.8092E-06,8.38476444129E-03,1.062487045145E-04
1.8094E-06,8.43668218236E-03,1.034551292500E-04
1.8096E-06,8.32333743106E-03,1.000314613180E-04
1.8098E-06,8.29154580366E-03,9.960750712362E-05
1.8100E-06,8.23810977396E-03,1.030405210173E-04
1.8102E-06,8.38656981010E-03,1.061363031929E-04
1.8104E-06,8.35514675360E-03,1.026048548827E-04
1.8106E-06,8.28713622410E-03,1.013691411195E-04
1.8108E-06,8.29597284552E-03,1.004136119345E-04
1.8110E-06,8.21675105486E-03,1.016115949331E-04
1.8112E-06,8.22980563622E-03,9.686086981837E-05
1.8114E-06,8.24807376135E-03,9.441145768669E-05
1.8116E-06,8.34541769232E-03,9.860209117924E-05
1.8118E-06,8.34203955252E-03,9.969740736578E-05
1.8120E-06,8.30283436458E-03,9.633112655301E-05
1.8122E-06,8.25149637181E-03,9.578419004847E-05
1.8124E-06,8.28522026073E-03,1.003884465275E-04
1.8126E-06,8.31544726621E-03,1.022268395247E-04
1.8128E-06,8.20022054482E-03,1.024658172233E-04
1.8130E-06,8.22664076928E-03,1.016953824861E-04
1.8132E-06,8.34496926051E-03,9.990173492861E-05
1.8134E-06,8.34791317116E-03,9.681345311274E-05
1.8136E-06,8.26830883976E-03,9.522868467775E-05
1.8138E-06,8.20735377725E-03,9.694493490551E-05
1.8140E-06,8.22060579900E-03,9.703641015385E-05
1.8142E-06,8.36148207541E-03,9.536691748817E-05
1.8144E-06,8.28910434153E-03,9.372805765179E-05
1.8146E-06,8.19938794244E-03,9.666092729476E-05
1.8148E-06,8.15482834820E-03,9.718094298896E-05
1.8150E-06,8.32312345970E-03,8.883644927573E-05
1.8152E-06,8.47964479122E-03,8.394504211192E-05
1.8154E-06,8.38144404348E-03,9.180951279868E-05
1.8156E-06,8.29205384012E-03,9.193933632505E-05
1.8158E-06,8.33487232681E-03,8.823623315711E-05
1.8160E-06,8.40634178836E-03,8.644683187176E-05
1.8162E-06,8.26820616145E-03,8.783655626048E-05
1.8164E-06,8.16791808698E-03,8.996085797717E-05
1.8166E-06,8.24223273899E-03,8.934729940538E-05
1.8168E-06,8.12391519081E-03,8.541283685063E-05
1.8170E-06,7.99585880246E-03,7.778174461146E-05
1.8172E-06,8.01541471388E-03,7.729277804774E-05
1.8174E-06,8.15149141941E-03,7.915075801593E-05
1.8176E-06,8.30818620976E-03,7.479813479167E-05
1.8178E-06,8.21522252168E-03,6.849573024829E-05
1.8180E-06,8.03053264040E-03,7.238771620487E-05
1.8182E-06,8.11883738730E-03,6.871295620967E-05
1.8184E-06,8.30522437114E-03,6.686049223226E-05
1.8186E-06,8.22647499386E-03,6.674966591690E-05
1.8188E-06,8.22219649795E-03,6.424426127505E-05
1.8190E-06,8.30011932645E-03,6.169738609624E-05
1.8192E-06,8.24841928203E-03,5.888741550316E-05
1.8194E-06,8.09428539593E-03,5.914311463293E-05
1.8196E-06,8.25196366291E-03,6.147952874471E-05
1.8198E-06,8.39249744546E-03,5.716471954529E-05
1.8200E-06,8.34537950810E-03,5.594024591428E-05
1.8202E-06,8.30770867411E-03,5.900110735838E-05
1.8204E-06,8.26811861712E-03,5.550576623809E-05
1.8206E-06,8.26849300880E-03,4.833499210235E-05
1.8208E-06,8.27371446881E-03,5.143034410012E-05
1.8210E-06,8.19092408288E-03,5.052121862118E-05
1.8212E-06,8.13038182910E-03,4.123025027384E-05
1.8214E-06,8.35314278025E-03,3.626927224268E-05
1.8216E-06,8.18920043763E-03,3.394869839121E-05
1.8218E-06,8.06942536961E-03,3.621242631507E-05
1.8220E-06,8.13327963930E-03,3.450551511069E-05
1.8222E-06,8.14644202124E-03,3.240972308722E-05
1.8224E-06,8.05513073224E-03,2.599278714788E-05
1.8226E-06,8.14494748134E-03,2.280659129192E-05
1.8228E-06,8.35367852356E-03,2.745594012831E-05
1.8230E-06,8.32612185273E-03,2.899164746796E-05
1.8232E-06,8.35202635731E-03,2.372545128037E-05
1.8234E-06,8.42543017585E-03,2.314962347318E-05
1.8236E-06,8.19945546333E-03,2.119080147986E-05
1.8238E-06,8.34014407825E-03,1.856924186741E-05
1.8240E-06,8.39595684316E-03,2.001837243606E-05
1.8242E-06,8.23533885647E-03,2.162569745724E-05
1.8244E-06,8.28592969570E-03,1.893707866129E-05
1.8246E-06,8.31652061548E-03,1.288240801823E-05
1.8248E-06,8.23504944798E-03,1.187298864406E-05
1.8250E-06,8.11744249891E-03,1.485070086364E-05
1.8252E-06,8.12824234832E-03,1.368064473663E-05
1.8254E-06,8.21938320529E-03,4.841286859481E-06
1.8256E-06,8.17301824223E-03,5.906303257688E-06
1.8258E-06,8.15969241317E-03,1.075297192019E-05
1.8260E-06,8.08822877239E-03,6.362347335561E-06
1.8262E-06,8.10333738569E-03,1.569423156796E-06
1.8264E-06,8.09653616976E-03,1.511848702101E-06
1.8266E-06,8.05791771505E-03,-3.965314635951E-07
1.8268E-06,8.07388058398E-03,-4.817677863868E-06
1.8270E-06,8.38789438363E-03,-7.797603418113E-06
1.8272E-06,8.40250450652E-03,-6.507777438493E-06
1.8274E-06,8.37057900149E-03,-4.448418707581E-06
1.8276E-06,8.34110077936E-03,-3.043367496685E-06
1.8278E-06,8.30525626894E-03,-1.039475390407E-05
1.8280E-06,8.12837273348E-03,-1.679553041886E-05
1.8282E-06,8.21354963351E-03,-1.361620353255E-05
1.8284E-06,8.30120967235E-03,-8.727238669053E-06
1.8286E-06,8.29353464302E-03,-8.127404159860E-06
1.8288E-06,8.16346962470E-03,-6.078855383203E-06
1.8290E-06,8.32447550725E-03,-1.021788140479E-05
1.8292E-06,8.41121213976E-03,-1.247345676366E-05
1.8294E-06,8.23609299492E-03,-1.969098152313E-05
1.8296E-06,8.14929838758E-03,-2.183582076523E-05
1.8298E-06,8.22048402857E-03,-1.696111421752E-05
1.8300E-06,8.21819041390E-03,-1.693336774315E-05
1.8302E-06,8.40434084181E-03,-1.566722236294E-05
1.8304E-06,8.37959839497E-03,-1.297253250796E-05
1.8306E-06,8.23218563106E-03,-1.733262833859E-05
1.8308E-06,8.27101246919E-03,-1.864477500040E-05
1.8310E-06,8.33133097272E-03,-1.793466230574E-05
1.8312E-06,8.22154969443E-03,-2.094395790900E-05
1.8314E-06,8.10837118421E-03,-1.499647094588E-05
1.8316E-06,8.16811762284E-03,-9.865329802962E-06
1.8318E-06,8.26717937831E-03,-1.628060747589E-05
1.8320E-06,8.24151794892E-03,-2.232652191724E-05
1.8322E-06,8.08322966564E-03,-2.031167966034E-05
1.8324E-06,8.24854710605E-03,-1.748225392494E-05
1.8326E-06,8.34602840710E-03,-1.500388804543E-05
1.8328E-06,8.27080618124E-03,-9.670757564710E-06
1.8330E-06,8.20307015907E-03,-1.118025180604E-05
1.8332E-06,8.18896504585E-03,-1.218260793667E-05
1.8334E-06,8.15583254676E-03,-1.162588141579E-05
1.8336E-06,8.29390926752E-03,-1.094134349096E-05
1.8338E-06,8.30829494167E-03,-1.027312457282E-05
1.8340E-06,8.29794887919E-03,-1.457318977173E-05
1.8342E-06,8.33480061497E-03,-1.348320224042E-05
1.8344E-06,8.24578294065E-03,-9.301193120884E-06
1.8346E-06,8.10441376176E-03,-6.895985237317E-06
1.8348E-06,8.18270795513E-03,-5.540924861089E-06
1.8350E-06,8.22050009388E-03,-3.700681682102E-08
1.8352E-06,8.13739538658E-03,8.954384671592E-07
1.8354E-06,8.11697567347E-03,1.959691646515E-06
1.8356E-06,8.09853688348E-03,-1.038939707907E-06
1.8358E-06,8.23051926214E-03,1.608264474252E-07
1.8360E-06,8.22282025125E-03,6.790256391286E-06
1.8362E-06,8.14918849151E-03,4.535000196664E-06
1.8364E-06,8.17880524788E-03,-3.233186963008E-06
1.8366E-06,8.44599796925E-03,5.874497846706E-06
1.8368E-06,8.39900902007E-03,1.415203645174E-05
1.8370E-06,8.18068954628E-03,1.459864436929E-05
1.8372E-06,8.17811187822E-03,1.697659146321E-05
1.8374E-06,8.22762913536E-03,2.202064239700E-05
1.8376E-06,8.20901385974E-03,2.498508848530E-05
1.8378E-06,8.35079235490E-03,2.370738380869E-05
1.8380E-06,8.35755142849E-03,2.060755657312E-05
1.8382E-06,8.23945530224E-03,2.297844042350E-05
1.8384E-06,8.24078197125E-03,2.401679273044E-05
1.8386E-06,8.17510067951E-03,2.537549574208E-05
1.8388E-06,8.08243315201E-03,2.815465310869E-05
1.8390E-06,8.22513621766E-03,3.190161360708E-05
1.8392E-06,8.47084379289E-03,3.660106429179E-05
1.8394E-06,8.38346990291E-03,3.048713317421E-05
1.8396E-06,8.21280527394E-03,2.935786068720E-05
1.8398E-06,8.21232121903E-03,3.590496013221E-05
1.8400E-06,8.23796146084E-03,3.786843082216E-05
1.8402E-06,8.23026873637E-03,4.253545164411E-05
1.8404E-06,8.26311368961E-03,4.771274671238E-05
1.8406E-06,8.26095930766E-03,4.727427054477E-05
1.8408E-06,8.19624938536E-03,4.666434073169E-05
1.8410E-06,8.21957226377E-03,4.796494891216E-05
1.8412E-06,8.31368613522E-03,5.157268441562E-05
1.8414E-06,8.32947624382E-03,5.607323332970E-05
1.8416E-06,8.28087796923E-03,5.409449132439E-05
1.8418E-06,8.23825273197E-03,5.725218442549E-05
1.8420E-06,8.18688749801E-03,5.803819576558E-05
1.8422E-06,8.24407722335E-03,5.598159849924E-05
1.8424E-06,8.29446317162E-03,5.805690850411E-05
1.8426E-06,8.11626647133E-03,5.873893474509E-05
1.8428E-06,8.17110600416E-03,6.016874893849E-05
1.8430E-06,8.18816224579E-03,6.388263430726E-05
1.8432E-06,8.25194969308E-03,6.628147278261E-05
1.8434E-06,8.19449244533E-03,7.125586265047E-05
1.8436E-06,8.28693645541E-03,7.514266565722E-05
1.8438E-06,8.32169807050E-03,7.931464191806E-05
1.8440E-06,8.23965204414E-03,7.405344828312E-05
1.8442E-06,8.13668269198E-03,7.649091257063E-05
1.8444E-06,8.21405883413E-03,8.613748539519E-05
1.8446E-06,8.27731030527E-03,8.778353336547E-05
1.8448E-06,8.23429507669E-03,8.181933190954E-05
1.8450E-06,8.16207776312E-03,8.222709198762E-05
1.8452E-06,8.17831560504E-03,8.538024740574E-05
1.8454E-06,8.24812009465E-03,8.696113730130E-05
1.8456E-06,8.28554366249E-03,8.955422885065E-05
1.8458E-06,8.26616353821E-03,9.442848440540E-05
1.8460E-06,8.29036348965E-03,9.854534932692E-05
1.8462E-06,8.38937402237E-03,1.019063986214E-04
1.8464E-06,8.42724113259E-03,1.018627147498E-04
1.8466E-06,8.38630740996E-03,9.936531002913E-05
1.8468E-06,8.46530708019E-03,1.013003473477E-04
1.8470E-06,8.37400184479E-03,1.001267665373E-04
1.8472E-06,8.23102939408E-03,1.011090222588E-04
1.8474E-06,8.18650495727E-03,1.088200928951E-04
1.8476E-06,8.24893267359E-03,1.118900435818E-04
1.8478E-06,8.30551564228E-03,1.117012718069E-04
1.8480E-06,8.22285936680E-03,1.118196748039E-04
1.8482E-06,8.18433823530E-03,1.157925272668E-04
1.8484E-06,8.40444421861E-03,1.160916674258E-04
1.8486E-06,8.47778377589E-03,1.172293908270E-04
1.8488E-06,8.27070932370E-03,1.161850576596E-04
1.8490E-06,8.13569525722E-03,1.104879134176E-04
1.8492E-06,8.09122949373E-03,1.095198188750E-04
1.8494E-06,8.29764014576E-03,1.161214398993E-04
1.8496E-06,8.38415978011E-03,1.210027795127E-04
1.8498E-06,8.25005375314E-03,1.193725301726E-04
1.8500E-06,8.02630373742E-03,1.147486242773E-04
1.8502E-06,8.20743480232E-03,1.163944849121E-04
1.8504E-06,8.36679550353E-03,1.212194573442E-04
1.8506E-06,8.38741288986E-03,1.215250085415E-04
1.8508E-06,8.20611325558E-03,1.182308866018E-04
1.8510E-06,7.99017424229E-03,1.202190370141E-04
1.8512E-06,8.00116268452E-03,1.235056100255E-04
1.8514E-06,8.18942954298E-03,1.223178333445E-04
1.8516E-06,8.30228232313E-03,1.251943982514E-04
1.8518E-06,8.31159228925E-03,1.228730542427E-04
1.8520E-06,8.29323196318E-03,1.209671441307E-04
1.8522E-06,8.30352936406E-03,1.248825609060E-04
1.8524E-06,8.36747979280E-03,1.267779594129E-04
1.8526E-06,8.20363244507E-03,1.289995576562E-04
1.8528E-06,8.07523379568E-03,1.274665423976E-04
1.8530E-06,8.24211096857E-03,1.258766812114E-04
1.8532E-06,8.24240107555E-03,1.268730079131E-04
1.8534E-06,8.12271471601E-03,1.261944092186E-04
1.8536E-06,8.14517868217E-03,1.255443271557E-04
1.8538E-06,8.14726437908E-03,1.296392183127E-04
1.8540E-06,8.16040138248E-03,1.344745774595E-04
1.8542E-06,8.14787439536E-03,1.322570520295E-04
1.8544E-06,8.19704799447E-03,1.294904045137E-04
1.8546E-06,8.25411175843E-03,1.297301038010E-04
1.8548E-06,8.23555119801E-03,1.297870329889E-04
1.8550E-06,8.38799263816E-03,1.236313121701E-04
1.8552E-06,8.36534915957E-03,1.230559561709E-04
1.8554E-06,8.22271943558E-03,1.290189642301E-04
1.8556E-06,7.99179101828E-03,1.277856025687E-04
1.8558E-06,8.23434816208E-03,1.242941052960E-04
1.8560E-06,8.49929476622E-03,1.272482479299E-04
1.8562E-06,8.46314524766E-03,1.285417859284E-04
1.8564E-06,8.33795919549E-03,1.282173554720E-04
1.8566E-06,8.31973228138E-03,1.266856238088E-04
1.8568E-06,8.17855099682E-03,1.245360664865E-04
1.8570E-06,8.11071672011E-03,1.203237922704E-04
1.8572E-06,8.05034187157E-03,1.186609743005E-04
1.8574E-06,8.17802619655E-03,1.227227764512E-04
1.8576E-06,8.35655398201E-03,1.267212800058E-04
1.8578E-06,8.34522095043E-03,1.220895268330E-04
1.8580E-06,8.23400985915E-03,1.199808086576E-04
1.8582E-06,8.23251485359E-03,1.229771017870E-04
1.8584E-06,8.27221434098E-03,1.205556650953E-04
1.8586E-06,8.22416997049E-03,1.151132139219E-04
1.8588E-06,8.23675889056E-03,1.154930401901E-04
1.8590E-06,8.16435787361E-03,1.156766082002E-04
1.8592E-06,8.13302422408E-03,1.102791244937E-04
1.8594E-06,8.35204195697E-03,1.070441450765E-04
1.8596E-06,8.32339889835E-03,1.109084470039E-04
1.8598E-06,8.28576787840E-03,1.135130284661E-04
1.8600E-06,8.32211367320E-03,1.130259283194E-04
1.8602E-06,8.30039429944E-03,1.118578843148E-04
1.8604E-06,8.17401173059E-03,1.099136814317E-04
1.8606E-06,8.27136544045E-03,1.101556495605E-04
1.8608E-06,8.34122208413E-03,1.089196582632E-04
1.8610E-06,8.27457407955E-03,1.062134715570E-04
1.8612E-06,8.28924241010E-03,1.044375376152E-04
1.8614E-06,8.34918768611E-03,1.020084062899E-04
1.8616E-06,8.28729641158E-03,1.063792912597E-04
1.8618E-06,8.19789875764E-03,1.049076041048E-04
1.8620E-06,8.23943015654E-03,9.843435649109E-05
1.8622E-06,8.36445997935E-03,9.481710156706E-05
1.8624E-06,8.27152888756E-03,9.586639565696E-05
1.8626E-06,8.18966493476E-03,9.843547356595E-05
1.8628E-06,8.13411270734E-03,9.455496364553E-05
1.8630E-06,8.24027090799E-03,9.270458117407E-05
1.8632E-06,8.28750013839E-03,9.555901967269E-05
1.8634E-06,8.22724962141E-03,9.315654550028E-05
1.8636E-06,8.20878149476E-03,8.615969506372E-05
1.8638E-06,8.33207370248E-03,8.390669383389E-05
1.8640E-06,8.24454428162E-03,8.514478745219E-05
1.8642E-06,8.21170957293E-03,8.933270111029E-05
1.8644E-06,8.34976859856E-03,9.101786057745E-05
1.8646E-06,8.34671665449E-03,8.279676547554E-05
1.8648E-06,8.28305609990E-03,8.124848583993E-05
1.8650E-06,8.32541497890E-03,8.337455683668E-05
1.8652E-06,8.34247331601E-03,8.204357254599E-05
1.8654E-06,8.27204507310E-03,8.369591360260E-05
1.8656E-06,8.28080532607E-03,8.566950041150E-05
1.8658E-06,8.22823915165E-03,7.896184747387E-05
1.8660E-06,8.21324951481E-03,7.204248456564E-05
1.8662E-06,8.24883581605E-03,7.268050777075E-05
1.8664E-06,8.29153439496E-03,7.452876710613E-05
1.8666E-06,8.22269172873E-03,7.375981717650E-05
1.8668E-06,8.28585193027E-03,6.447217230034E-05
1.8670E-06,8.28845753800E-03,5.889751774539E-05
1.8672E-06,8.04607245605E-03,6.013053248916E-05
1.8674E-06,7.98267453443E-03,6.630221152027E-05
1.8676E-06,8.29369855579E-03,6.638336249907E-05
1.8678E-06,8.48207228351E-03,6.180577011128E-05
1.8680E-06,8.29032600392E-03,6.022551854421E-05
1.8682E-06,8.16436346155E-03,6.120945334715E-05
1.8684E-06,8.15334801096E-03,5.910976196919E-05
1.8686E-06,8.20161380339E-03,6.086234141421E-05
1.8688E-06,8.26537191402E-03,6.222966879886E-05
1.8690E-06,8.26791908126E-03,5.474775115308E-05
1.8692E-06,8.16966291983E-03,5.009890187812E-05
1.8694E-06,8.06668355595E-03,5.167498349492E-05
1.8696E-06,8.09010259341E-03,4.642732658704E-05
1.8698E-06,8.28849758487E-03,4.345290314686E-05
1.8700E-06,8.29724805895E-03,4.733822828439E-05
1.8702E-06,8.19650526624E-03,4.497851518263E-05
1.8704E-06,8.26258353423E-03,4.341214032192E-05
1.8706E-06,8.16801890265E-03,4.309210184310E-05
1.8708E-06,8.15912337508E-03,3.866605002713E-05
1.8710E-06,8.22350477334E-03,3.780090676901E-05
1.8712E-06,8.30610842910E-03,3.704278760870E-05
1.8714E-06,8.30147952307E-03,3.361426282954E-05
1.8716E-06,8.23512465227E-03,3.491369842832E-05
1.8718E-06,8.39945023414E-03,3.334579019156E-05
1.8720E-06,8.39525718707E-03,3.346631632467E-05
1.8722E-06,8.21327093523E-03,3.035739984643E-05
1.8724E-06,8.10016157571E-03,2.793474200462E-05
1.8726E-06,8.27588514890E-03,2.585062029120E-05
1.8728E-06,8.33003922831E-03,2.991002177168E-05
1.8730E-06,8.10068055522E-03,3.411141665001E-05
1.8732E-06,8.01979262847E-03,2.802735514288E-05
1.8734E-06,8.32161169033E-03,2.115699782316E-05
1.8736E-06,8.45211768988E-03,2.110687515978E-05
1.8738E-06,8.38003914338E-03,2.252993833554E-05
1.8740E-06,8.36271840613E-03,2.077157924232E-05
1.8742E-06,8.33923580591E-03,1.748095423263E-05
1.8744E-06,8.23127991985E-03,1.474863075000E-05
1.8746E-06,8.17266922910E-03,1.455967163947E-05
1.8748E-06,8.33262574393E-03,1.320887141210E-05
1.8750E-06,8.35643291008E-03,1.177814135608E-05
1.8752E-06,8.31129868980E-03,7.206280048012E-06
1.8754E-06,8.23616843205E-03,9.301822290761E-06
1.8756E-06,8.20734865498E-03,1.164016526472E-05
1.8758E-06,8.27775780577E-03,1.071805812698E-05
1.8760E-06,8.36895687040E-03,9.744870833127E-06
1.8762E-06,8.31296179909E-03,5.140871073126E-06
1.8764E-06,8.17499846686E-03,7.775773138746E-06
1.8766E-06,8.13481934834E-03,7.161146060570E-06
1.8768E-06,8.11154559720E-03,-2.070311615181E-07
1.8770E-06,8.17997196223E-03,-2.788688304828E-06
1.8772E-06,8.12534942757E-03,1.568604431122E-06
1.8774E-06,8.11244711745E-03,3.050206492661E-06
1.8776E-06,8.14623480197E-03,2.682737847860E-07
1.8778E-06,8.21900997776E-03,2.209520929499E-06
1.8780E-06,8.10824615415E-03,-1.373597296879E-06
1.8782E-06,8.10385729652E-03,-2.070985051797E-06
1.8784E-06,8.15268327948E-03,1.202779759658E-06
1.8786E-06,8.31445959862E-03,-4.841039299028E-06
1.8788E-06,8.26286246534E-03,-8.302042509423E-06
1.8790E-06,8.27033586334E-03,-7.343342497008E-06
1.8792E-06,8.49760930519E-03,-8.098034110846E-06
1.8794E-06,8.43668334652E-03,-1.114440827350E-05
1.8796E-06,8.17621780094E-03,-1.348885699827E-05
1.8798E-06,8.09942839201E-03,-1.823496116977E-05
1.8800E-06,8.18168163765E-03,-2.009868609439E-05
1.8802E-06,8.26021075714E-03,-1.489302703831E-05
1.8804E-06,8.38468504604E-03,-1.309964313823E-05
1.8806E-06,8.45980436075E-03,-1.502963627409E-05
1.8808E-06,8.35046709049E-03,-1.692264798749E-05
1.8810E-06,8.16116716247E-03,-1.886770428810E-05
1.8812E-06,8.09850452002E-03,-1.570911613944E-05
1.8814E-06,8.25835113879E-03,-1.489275644253E-05
1.8816E-06,8.44169502612E-03,-2.027263754699E-05
1.8818E-06,8.31930899527E-03,-2.156802114751E-05
1.8820E-06,8.21412239689E-03,-1.933067284244E-05
1.8822E-06,8.24160642456E-03,-2.338462077732E-05
1.8824E-06,8.21938856039E-03,-2.429312180448E-05
1.8826E-06,8.22774881031E-03,-2.417894426453E-05
1.8828E-06,8.10909552034E-03,-2.262928389664E-05
1.8830E-06,8.11058074701E-03,-2.384695794153E-05
1.8832E-06,8.25746521819E-03,-2.421045132633E-05
1.8834E-06,8.27003667597E-03,-2.267239188495E-05
1.8836E-06,8.32113252487E-03,-1.973089093062E-05
1.8838E-06,8.34700210486E-03,-2.285583500470E-05
1.8840E-06,8.27210537624E-03,-2.930622074473E-05
1.8842E-06,8.26508669648E-03,-3.059866942185E-05
1.8844E-06,8.19879515562E-03,-2.758206079434E-05
1.8846E-06,8.09606119525E-03,-2.579736371245E-05
1.8848E-06,8.28299649525E-03,-2.548411788139E-05
1.8850E-06,8.28939957078E-03,-2.433543188217E-05
1.8852E-06,8.08840642217E-03,-2.066541078220E-05
1.8854E-06,8.11328204814E-03,-2.515723818633E-05
1.8856E-06,8.21452961769E-03,-3.062501434888E-05
1.8858E-06,8.27131677885E-03,-2.660772867221E-05
1.8860E-06,8.04802730214E-03,-2.479694338235E-05
1.8862E-06,8.10946641955E-03,-2.323568208795E-05
1.8864E-06,8.34635017905E-03,-2.468241198640E-05
1.8866E-06,8.19565776270E-03,-2.655401194188E-05
1.8868E-06,8.14712817315E-03,-2.775513107608E-05
1.8870E-06,8.24661647435E-03,-3.101098799798E-05
1.8872E-06,8.30598758999E-03,-2.843077403213E-05
1.8874E-06,8.34199042525E-03,-2.446079404745E-05
1.8876E-06,8.26183288824E-03,-2.133848654758E-05
1.8878E-06,8.12212705146E-03,-2.342115120682E-05
1.8880E-06,8.10588152613E-03,-2.791035591345E-05
1.8882E-06,8.27060548123E-03,-2.838939369376E-05
1.8884E-06,8.38271529879E-03,-2.688028800021E-05
1.8886E-06,8.19596533198E-03,-2.397351350355E-05
1.8888E-06,8.17319472786E-03,-2.280455363634E-05
1.8890E-06,8.21957808453E-03,-2.356836224626E-05
1.8892E-06,8.13341677654E-03,-2.293754799011E-05
1.8894E-06,8.15574057866E-03,-2.006153121311E-05
1.8896E-06,8.14829512034E-03,-2.556462359335E-05
1.8898E-06,8.15588609781E-03,-2.598447722103E-05
1.8900E-06,8.26432324480E-03,-1.837989642936E-05
1.8902E-06,8.22497044224E-03,-1.640299308765E-05
1.8904E-06,8.11569557059E-03,-1.959232507925E-05
1.8906E-06,8.09958531987E-03,-1.725181733909E-05
1.8908E-06,8.11344828922E-03,-1.410091688576E-05
1.8910E-06,8.32443476189E-03,-1.611028478201E-05
1.8912E-06,8.36485788692E-03,-1.675048663001E-05
1.8914E-06,8.33253959659E-03,-1.808584902156E-05
1.8916E-06,8.13456463162E-03,-1.451264570187E-05
1.8918E-06,8.07232550811E-03,-8.948440306814E-06
1.8920E-06,8.16983754281E-03,-1.161763171385E-05
1.8922E-06,8.28979771119E-03,-1.136039920803E-05
1.8924E-06,8.20561686065E-03,-1.227291060332E-05
1.8926E-06,8.19817210082E-03,-1.365272008534E-05
1.8928E-06,8.27399828937E-03,-1.139072674978E-05
1.8930E-06,8.28539534937E-03,-7.944474478246E-06
1.8932E-06,8.36538408417E-03,3.325978278188E-06
1.8934E-06,8.21275917347E-03,6.272364249521E-07
1.8936E-06,8.12328910921E-03,-6.102001729414E-06
1.8938E-06,8.21591449436E-03,-6.161102621810E-06
1.8940E-06,8.26970279682E-03,-2.985709781753E-06
1.8942E-06,8.15205789637E-03,1.401882742539E-06
1.8944E-06,8.14034325536E-03,5.256713817833E-06
1.8946E-06,8.22824334260E-03,2.340406023904E-06
1.8948E-06,8.19800748955E-03,-2.560048752457E-06
1.8950E-06,8.03942537401E-03,2.604743403389E-06
1.8952E-06,8.21997948456E-03,9.160925152718E-06
1.8954E-06,8.38218700606E-03,7.724124037666E-06
1.8956E-06,8.32712698262E-03,7.807731193497E-06
1.8958E-06,8.23205105495E-03,9.511395248591E-06
1.8960E-06,8.29635678325E-03,6.682136033668E-06
1.8962E-06,8.30202434678E-03,9.580528999685E-06
1.8964E-06,8.22295622434E-03,1.255151101668E-05
1.8966E-06,8.13411107752E-03,1.294995288645E-05
1.8968E-06,8.22122512851E-03,1.491497082916E-05
1.8970E-06,8.28311058227E-03,1.058094932978E-05
1.8972E-06,8.32574629690E-03,1.126650719252E-05
1.8974E-06,8.25912227388E-03,1.622683301848E-05
1.8976E-06,8.38751882780E-03,1.884010129888E-05
1.8978E-06,8.39386555832E-03,2.110276071635E-05
1.8980E-06,8.26775470283E-03,1.771037781891E-05
1.8982E-06,8.22426543105E-03,1.875473180134E-05
1.8984E-06,8.19235249888E-03,2.128230448161E-05
1.8986E-06,8.14038656186E-03,2.457325559389E-05
1.8988E-06,8.11407995876E-03,2.906740040798E-05
1.8990E-06,8.18593731616E-03,2.819204389398E-05
1.8992E-06,8.30952708144E-03,2.183226610814E-05
1.8994E-06,8.29438331071E-03,2.111873974372E-05
1.8996E-06,8.16749759484E-03,3.169720972237E-05
1.8998E-06,8.12972361687E-03,3.159962872323E-05
1.9000E-06,8.09332450386E-03,2.567508689408E-05
1.9002E-06,8.26506131794E-03,2.663049812709E-05
1.9004E-06,8.29674351495E-03,2.620417101589E-05
1.9006E-06,8.13580538612E-03,2.553095648345E-05
1.9008E-06,7.98639819492E-03,2.811330052373E-05
1.9010E-06,8.14749651123E-03,2.906862849650E-05
1.9012E-06,8.27765163500E-03,2.845799790975E-05
1.9014E-06,8.13793904614E-03,2.975585156400E-05
1.9016E-06,8.16547220107E-03,3.288426481467E-05
1.9018E-06,8.27161736321E-03,3.178671447840E-05
1.9020E-06,8.30940647516E-03,3.174495253061E-05
1.9022E-06,8.22419045959E-03,3.258114204091E-05
1.9024E-06,8.19519047160E-03,3.594631271717E-05
1.9026E-06,8.28016131651E-03,3.656969599706E-05
1.9028E-06,8.38558959309E-03,3.975308875833E-05
1.9030E-06,8.36465532426E-03,3.557728946489E-05
1.9032E-06,8.28378858510E-03,3.235939921160E-05
1.9034E-06,8.23825412895E-03,3.493257074897E-05
1.9036E-06,8.16856558900E-03,3.498338724767E-05
1.9038E-06,8.21445557754E-03,3.082986700629E-05
1.9040E-06,8.25391268823E-03,2.917378617731E-05
1.9042E-06,8.20980175864E-03,2.515146325622E-05
1.9044E-06,8.14199612010E-03,2.466217058991E-05
1.9046E-06,8.34203512873E-03,3.032494223025E-05
1.9048E-06,8.34045816678E-03,3.147588319425E-05
1.9050E-06,8.22358812671E-03,3.012975941692E-05
1.9052E-06,8.28234387096E-03,3.361753773224E-05
1.9054E-06,8.42675405089E-03,3.741169984733E-05
1.9056E-06,8.33456987981E-03,3.425540829357E-05
1.9058E-06,8.24550889898E-03,3.398153761682E-05
1.9060E-06,8.32431462128E-03,3.545522995573E-05
1.9062E-06,8.42436637264E-03,3.117775603478E-05
1.9064E-06,8.42959854286E-03,2.985254445393E-05
1.9066E-06,8.45793496352E-03,3.489139856119E-05
1.9068E-06,8.23672117200E-03,3.214238833916E-05
1.9070E-06,8.24161387514E-03,2.908995699417E-05
1.9072E-06,8.36925419513E-03,3.164207756799E-05
1.9074E-06,8.33973988425E-03,3.298173480016E-05
1.9076E-06,8.25546939392E-03,2.815826799069E-05
1.9078E-06,8.36487651337E-03,2.298353317474E-05
1.9080E-06,8.36637454573E-03,2.220842892584E-05
1.9082E-06,8.08469836134E-03,2.282379840781E-05
1.9084E-06,7.93864113744E-03,2.042519583647E-05
1.9086E-06,8.21802184451E-03,2.301709398907E-05
1.9088E-06,8.31910340581E-03,2.685944990535E-05
1.9090E-06,8.27617502306E-03,2.219587050658E-05
1.9092E-06,8.28868035693E-03,1.724902590085E-05
1.9094E-06,8.26942223590E-03,1.587854156551E-05
1.9096E-06,8.29941827338E-03,1.926150217932E-05
1.9098E-06,8.24718458112E-03,1.844650933799E-05
1.9100E-06,8.06992269587E-03,1.305501343031E-05
1.9102E-06,8.13728758600E-03,1.042416336295E-05
1.9104E-06,8.48015934694E-03,9.849959130405E-06
1.9106E-06,8.62389874179E-03,1.475694289711E-05
1.9108E-06,8.42418243643E-03,1.503007117008E-05
1.9110E-06,8.23968301061E-03,7.488282474695E-06
1.9112E-06,8.35325500462E-03,9.671428364708E-06
1.9114E-06,8.23111414444E-03,1.092859551591E-05
1.9116E-06,8.05422059726E-03,2.955380019739E-06
1.9118E-06,8.29144917894E-03,3.263762065216E-06
1.9120E-06,8.43403047416E-03,-6.959626171199E-08
1.9122E-06,8.37207121309E-03,-4.121476567344E-06
1.9124E-06,8.24904280249E-03,-1.683589040296E-06
1.9126E-06,8.15942558925E-03,-3.149038615631E-06
1.9128E-06,8.17284850869E-03,-4.561097563239E-06
1.9130E-06,8.24872359168E-03,-3.471054525108E-06
1.9132E-06,8.45858991612E-03,-8.676304218353E-06
1.9134E-06,8.28544447664E-03,-9.137149636627E-06
1.9136E-06,8.09099270496E-03,-1.417628821637E-05
1.9138E-06,8.10202212538E-03,-1.340908675175E-05
1.9140E-06,8.13055831473E-03,-1.112740930821E-05
1.9142E-06,8.14096980262E-03,-1.403245615493E-05
1.9144E-06,8.28969922382E-03,-1.536917152535E-05
1.9146E-06,8.25543120969E-03,-1.616661033313E-05
1.9148E-06,8.16358324606E-03,-1.813801849912E-05
1.9150E-06,8.26610323507E-03,-2.165372368600E-05
1.9152E-06,8.34065793548E-03,-2.464622153621E-05
1.9154E-06,8.21054821368E-03,-2.686859687510E-05
1.9156E-06,8.10221653897E-03,-3.009025465417E-05
1.9158E-06,8.16907036584E-03,-3.281486268807E-05
1.9160E-06,8.16002373118E-03,-3.071679488476E-05
1.9162E-06,8.27772194985E-03,-3.452080946136E-05
1.9164E-06,8.31263490487E-03,-3.096312029939E-05
1.9166E-06,8.25045259204E-03,-3.543631128687E-05
1.9168E-06,8.23714888189E-03,-4.521562174614E-05
1.9170E-06,8.22246984113E-03,-4.361456205788E-05
1.9172E-06,8.24638084974E-03,-4.135691213141E-05
1.9174E-06,8.30705116037E-03,-4.171170482132E-05
1.9176E-06,8.17182987463E-03,-4.284758955892E-05
1.9178E-06,8.06053636130E-03,-4.335267391707E-05
1.9180E-06,8.26142357197E-03,-5.152388919796E-05
1.9182E-06,8.35624943953E-03,-5.623608563747E-05
1.9184E-06,8.19507708307E-03,-5.776148258428E-05
1.9186E-06,8.18426489364E-03,-5.676779939513E-05
1.9188E-06,8.27668911312E-03,-5.801449657138E-05
1.9190E-06,8.29061122145E-03,-6.094268282596E-05
1.9192E-06,8.29286129679E-03,-6.332759602647E-05
1.9194E-06,8.24878273066E-03,-6.979481421131E-05
1.9196E-06,8.12281902414E-03,-7.224235992599E-05
1.9198E-06,8.12597364653E-03,-7.344158488977E-05
1.9200E-06,8.19386682939E-03,-7.479933734703E-05
1.9202E-06,8.17974332254E-03,-7.751969217043E-05
1.9204E-06,8.04943033960E-03,-7.624170995969E-05
1.9206E-06,8.09044136200E-03,-7.752606157865E-05
1.9208E-06,8.24082900304E-03,-8.298015530873E-05
1.9210E-06,8.21112074423E-03,-9.064618909452E-05
1.9212E-06,8.18857482169E-03,-9.156434830930E-05
1.9214E-06,8.15972361248E-03,-9.058552013430E-05
1.9216E-06,8.08744948823E-03,-8.606820122059E-05
1.9218E-06,8.12688634265E-03,-8.608061393443E-05
1.9220E-06,8.17135140765E-03,-9.329747955035E-05
1.9222E-06,8.25584401842E-03,-9.198807353805E-05
1.9224E-06,8.33603228908E-03,-9.145328608993E-05
1.9226E-06,8.37512781378E-03,-9.632204646896E-05
1.9228E-06,8.32462358754E-03,-1.005563638331E-04
1.9230E-06,8.24667258654E-03,-1.032477094019E-04
1.9232E-06,8.07901007589E-03,-1.059379032040E-04
1.9234E-06,8.03860930260E-03,-1.089928670479E-04
1.9236E-06,8.08892656583E-03,-1.082915452467E-04
1.9238E-06,8.21156591643E-03,-1.070705061005E-04
1.9240E-06,8.18880602252E-03,-1.138324377751E-04
1.9242E-06,8.12702767085E-03,-1.169536490152E-04
1.9244E-06,8.19724310655E-03,-1.157739624539E-04
1.9246E-06,8.21496803779E-03,-1.170299084550E-04
1.9248E-06,8.22034293320E-03,-1.186249040225E-04
1.9250E-06,8.35304475855E-03,-1.172967991484E-04
1.9252E-06,8.44759611878E-03,-1.158016742365E-04
1.9254E-06,8.30510423053E-03,-1.158468359774E-04
1.9256E-06,8.23951770086E-03,-1.175308714313E-04
1.9258E-06,8.20970024448E-03,-1.235165470904E-04
1.9260E-06,8.16847688053E-03,-1.261158554042E-04
1.9262E-06,8.10332644265E-03,-1.228601996945E-04
1.9264E-06,8.20748160127E-03,-1.244979771478E-04
1.9266E-06,8.42087787110E-03,-1.295269718552E-04
1.9268E-06,8.35346548352E-03,-1.283184911283E-04
1.9270E-06,8.23363639880E-03,-1.293634348707E-04
1.9272E-06,8.29790068325E-03,-1.316394783715E-04
1.9274E-06,8.23200961109E-03,-1.315855743056E-04
1.9276E-06,8.19913252722E-03,-1.306377258776E-04
1.9278E-06,8.17429601680E-03,-1.310651978170E-04
1.9280E-06,8.22587661911E-03,-1.297954583699E-04
1.9282E-06,8.22641003411E-03,-1.303778221058E-04
1.9284E-06,8.26513652224E-03,-1.371449714219E-04
1.9286E-06,8.15523440484E-03,-1.371480451124E-04
1.9288E-06,8.03407003637E-03,-1.374840348652E-04
1.9290E-06,8.15136359539E-03,-1.379656259594E-04
1.9292E-06,8.34528195206E-03,-1.388775406564E-04
1.9294E-06,8.33600318525E-03,-1.385712748086E-04
1.9296E-06,8.16277998034E-03,-1.367678164197E-04
1.9298E-06,8.17937032785E-03,-1.368390108617E-04
1.9300E-06,8.27606419567E-03,-1.390132548446E-04
1.9302E-06,8.30891520250E-03,-1.381277683349E-04
1.9304E-06,8.30306998920E-03,-1.373757618638E-04
1.9306E-06,8.25791015755E-03,-1.365476832883E-04
1.9308E-06,8.19524053018E-03,-1.344296122128E-04
1.9310E-06,8.18921417463E-03,-1.360789073324E-04
1.9312E-06,8.10045680497E-03,-1.375203224523E-04
1.9314E-06,7.90218754206E-03,-1.336573388120E-04
1.9316E-06,8.03649776149E-03,-1.338983425097E-04
1.9318E-06,8.26499985065E-03,-1.335082127871E-04
1.9320E-06,8.20644760039E-03,-1.272429978168E-04
1.9322E-06,7.99821388442E-03,-1.220884466702E-04
1.9324E-06,8.05265062023E-03,-1.254721705029E-04
1.9326E-06,8.18595780525E-03,-1.257300274605E-04
1.9328E-06,8.19867245387E-03,-1.278728823336E-04
1.9330E-06,8.16191198770E-03,-1.341390617350E-04
1.9332E-06,8.30302877817E-03,-1.329654254178E-04
1.9334E-06,8.20744900498E-03,-1.247424361454E-04
1.9336E-06,8.08110718150E-03,-1.220092661837E-04
1.9338E-06,8.11440778430E-03,-1.240277094459E-04
1.9340E-06,8.17191765178E-03,-1.212411141647E-04
1.9342E-06,8.14311603550E-03,-1.170695680818E-04
1.9344E-06,8.21999508422E-03,-1.161899999874E-04
1.9346E-06,8.21258455049E-03,-1.151886707330E-04
1.9348E-06,8.29248294700E-03,-1.122452339781E-04
1.9350E-06,8.31092103850E-03,-1.134618117632E-04
1.9352E-06,8.11987651046E-03,-1.149183594314E-04
1.9354E-06,8.16682005767E-03,-1.175618303632E-04
1.9356E-06,8.40598183218E-03,-1.136797384983E-04
1.9358E-06,8.45299872104E-03,-1.092382419081E-04
1.9360E-06,8.43720884528E-03,-1.045112945298E-04
1.9362E-06,8.45070906449E-03,-1.044044091990E-04
1.9364E-06,8.24203948956E-03,-1.067870882498E-04
1.9366E-06,8.22155481670E-03,-1.017153185951E-04
1.9368E-06,8.31274386961E-03,-9.405747900437E-05
1.9370E-06,8.25224375818E-03,-9.282810689601E-05
1.9372E-06,8.14515400212E-03,-9.423285975772E-05
1.9374E-06,8.09898275416E-03,-9.158014693949E-05
1.9376E-06,8.23750255164E-03,-9.051804464962E-05
1.9378E-06,8.22479931172E-03,-9.095278798323E-05
1.9380E-06,8.19889527280E-03,-8.723422616440E-05
1.9382E-06,8.34902354050E-03,-8.226668445113E-05
1.9384E-06,8.34875951055E-03,-7.917316417861E-05
1.9386E-06,8.21952779312E-03,-7.357825657073E-05
1.9388E-06,8.24070769828E-03,-6.847757479827E-05
1.9390E-06,8.23850884568E-03,-7.056635908502E-05
1.9392E-06,8.05416681338E-03,-7.047809629421E-05
1.9394E-06,8.00755807664E-03,-6.655429798830E-05
1.9396E-06,8.24419037904E-03,-6.503343178611E-05
1.9398E-06,8.24060385581E-03,-6.457704079057E-05
1.9400E-06,8.21309212129E-03,-5.946184398326E-05
1.9402E-06,8.28313968610E-03,-5.334234136808E-05
1.9404E-06,8.31831736956E-03,-5.448660763632E-05
1.9406E-06,8.19892693777E-03,-5.164219505805E-05
1.9408E-06,8.20952119771E-03,-5.087894845474E-05
1.9410E-06,8.20012578275E-03,-4.466589602362E-05
1.9412E-06,8.08657940011E-03,-4.255710152629E-05
1.9414E-06,8.18627049681E-03,-4.299166446272E-05
1.9416E-06,8.15424557309E-03,-3.900240973289E-05
1.9418E-06,8.15510681365E-03,-3.427841809298E-05
1.9420E-06,8.25621328782E-03,-2.788936045672E-05
1.9422E-06,8.39846303221E-03,-2.708376908395E-05
1.9424E-06,8.32679659594E-03,-2.874268769938E-05
1.9426E-06,8.27971474733E-03,-2.907795586343E-05
1.9428E-06,8.30725698266E-03,-2.813831550720E-05
1.9430E-06,8.36719736922E-03,-2.388348837103E-05
1.9432E-06,8.31367519218E-03,-1.562092967051E-05
1.9434E-06,8.26575864572E-03,-1.465890618692E-05
1.9436E-06,8.27413891908E-03,-1.184179602842E-05
1.9438E-06,8.21207325440E-03,-4.430247160601E-06
1.9440E-06,8.11259938870E-03,-1.703682511107E-06
1.9442E-06,8.22358603123E-03,-1.954718651196E-07
1.9444E-06,8.31880212296E-03,5.192124688073E-06
1.9446E-06,8.24071398470E-03,9.366224084987E-06
1.9448E-06,8.20217888337E-03,1.271509656963E-05
1.9450E-06,8.07310479227E-03,1.726899448131E-05
1.9452E-06,8.17112649325E-03,1.647557298002E-05
1.9454E-06,8.19345332216E-03,1.690287839901E-05
1.9456E-06,8.07396254036E-03,1.844502453041E-05
1.9458E-06,8.07621494401E-03,2.181787596364E-05
1.9460E-06,8.12211517710E-03,2.498032877502E-05
1.9462E-06,8.20100727957E-03,2.532264630590E-05
1.9464E-06,8.30300665926E-03,2.483705178183E-05
1.9466E-06,8.28112616669E-03,3.082218624931E-05
1.9468E-06,8.14332721289E-03,3.635228270014E-05
1.9470E-06,8.18839344662E-03,3.732868245152E-05
1.9472E-06,8.20907299872E-03,3.535252845195E-05
1.9474E-06,8.22333201300E-03,3.790561345686E-05
1.9476E-06,8.22174247820E-03,4.094888617565E-05
1.9478E-06,8.15028675366E-03,4.035385994521E-05
1.9480E-06,8.14029668923E-03,4.599281915744E-05
1.9482E-06,8.19215785246E-03,5.249550620374E-05
1.9484E-06,8.31725286785E-03,5.040346782935E-05
1.9486E-06,8.24223343748E-03,4.680855440256E-05
1.9488E-06,8.12153705861E-03,5.492961926666E-05
1.9490E-06,8.00277107861E-03,5.619273952489E-05
1.9492E-06,8.06577621493E-03,5.656621719990E-05
1.9494E-06,8.33044970874E-03,5.452770822030E-05
1.9496E-06,8.37162045296E-03,5.624768434372E-05
1.9498E-06,8.24572030920E-03,6.119681860600E-05
1.9500E-06,8.28357810620E-03,6.919464444090E-05
1.9502E-06,8.22228217963E-03,7.479252166395E-05
1.9504E-06,8.06536270771E-03,7.536623327342E-05
1.9506E-06,8.11963855754E-03,7.784556358401E-05
1.9508E-06,8.26673816424E-03,7.665314514470E-05
1.9510E-06,8.24205322657E-03,7.838559642714E-05
1.9512E-06,8.22657674085E-03,8.135779265594E-05
1.9514E-06,8.35970930289E-03,8.588995964546E-05
1.9516E-06,8.35261588450E-03,8.314345416893E-05
1.9518E-06,8.37917371187E-03,8.276669465285E-05
1.9520E-06,8.38762965519E-03,8.851292774361E-05
1.9522E-06,8.28888152260E-03,8.799050444086E-05
1.9524E-06,8.20274210069E-03,8.684010466841E-05
1.9526E-06,8.14357494470E-03,8.985196052399E-05
1.9528E-06,8.22423143778E-03,9.617372307275E-05
1.9530E-06,8.30467908177E-03,9.726638880838E-05
1.9532E-06,8.22384144645E-03,9.696418189724E-05
1.9534E-06,8.21208117064E-03,9.771998364758E-05
1.9536E-06,8.21738458704E-03,1.050819441052E-04
1.9538E-06,8.10311526526E-03,1.065438481821E-04
1.9540E-06,8.15256313886E-03,1.049222370917E-04
1.9542E-06,8.37559859734E-03,1.017279303009E-04
1.9544E-06,8.26134906616E-03,1.076438130653E-04
1.9546E-06,8.20538635831E-03,1.061028950224E-04
1.9548E-06,8.36841670331E-03,1.013355525518E-04
1.9550E-06,8.28191336710E-03,1.031781363143E-04
1.9552E-06,8.16687384155E-03,1.105797702754E-04
1.9554E-06,8.29658076633E-03,1.137055885820E-04
1.9556E-06,8.23784551117E-03,1.165773313334E-04
1.9558E-06,8.30458851065E-03,1.165802315651E-04
1.9560E-06,8.38320796844E-03,1.063189830938E-04
1.9562E-06,8.23268179316E-03,1.050521300016E-04
1.9564E-06,8.16075132694E-03,1.148244812926E-04
1.9566E-06,8.16930156667E-03,1.182351675658E-04
1.9568E-06,8.16834882367E-03,1.137802313855E-04
1.9570E-06,8.15141132567E-03,1.171463595545E-04
1.9572E-06,8.18316942546E-03,1.229770670952E-04
1.9574E-06,8.40095501859E-03,1.236480336012E-04
1.9576E-06,8.34991947282E-03,1.236489494639E-04
1.9578E-06,8.04108452517E-03,1.269024265306E-04
1.9580E-06,8.19766243454E-03,1.212395438766E-04
1.9582E-06,8.42097426299E-03,1.206057600053E-04
1.9584E-06,8.33550469484E-03,1.206665469175E-04
1.9586E-06,8.26566388365E-03,1.234915112918E-04
1.9588E-06,8.23394536506E-03,1.231994621297E-04
1.9590E-06,8.27741298359E-03,1.218855114961E-04
1.9592E-06,8.11452280264E-03,1.216449796064E-04
1.9594E-06,8.13720865641E-03,1.238557262654E-04
1.9596E-06,8.30551121849E-03,1.230644903453E-04
1.9598E-06,8.33126019221E-03,1.252864424447E-04
1.9600E-06,8.35425058845E-03,1.244219791452E-04
1.9602E-06,8.32880871836E-03,1.230178091051E-04
1.9604E-06,8.12139479909E-03,1.220391196972E-04
1.9606E-06,8.22645264212E-03,1.257949543493E-04
1.9608E-06,8.19170639384E-03,1.280215273919E-04
1.9610E-06,8.18136848044E-03,1.262504502973E-04
1.9612E-06,8.20822828915E-03,1.306074099923E-04
1.9614E-06,8.21492822375E-03,1.342594330041E-04
1.9616E-06,8.27272749971E-03,1.355427161167E-04
1.9618E-06,8.32277165260E-03,1.331227850476E-04
1.9620E-06,8.23124685790E-03,1.236336226417E-04
1.9622E-06,8.03172217216E-03,1.236664896207E-04
1.9624E-06,7.98240887467E-03,1.257112986250E-04
1.9626E-06,7.97410916071E-03,1.263870942248E-04
1.9628E-06,8.10139371548E-03,1.286732815979E-04
1.9630E-06,8.37021974381E-03,1.294684654409E-04
1.9632E-06,8.45508534927E-03,1.268322589649E-04
1.9634E-06,8.32915121224E-03,1.253611060632E-04
1.9636E-06,8.26786180492E-03,1.319697833927E-04
1.9638E-06,8.15794432070E-03,1.310725224977E-04
1.9640E-06,8.03194405977E-03,1.287787653813E-04
1.9642E-06,8.08367716614E-03,1.286169629851E-04
1.9644E-06,8.12061947305E-03,1.287296279641E-04
1.9646E-06,8.13593996223E-03,1.368619676521E-04
1.9648E-06,8.22968875524E-03,1.412182335118E-04
1.9650E-06,8.18965329323E-03,1.369941085884E-04
1.9652E-06,8.18520087283E-03,1.321170776924E-04
1.9654E-06,8.30251329113E-03,1.324141571606E-04
1.9656E-06,8.37025839370E-03,1.375822519725E-04
1.9658E-06,8.19661958609E-03,1.376276912475E-04
1.9660E-06,8.13628897536E-03,1.368485558154E-04
1.9662E-06,8.27972196508E-03,1.368972283630E-04
1.9664E-06,8.26612838078E-03,1.360586798126E-04
1.9666E-06,8.27139710542E-03,1.367204044322E-04
1.9668E-06,8.31989060622E-03,1.436301299678E-04
1.9670E-06,8.42258056160E-03,1.481859567417E-04
1.9672E-06,8.29610928427E-03,1.421476675505E-04
1.9674E-06,8.22207263205E-03,1.410516991587E-04
1.9676E-06,8.33243505563E-03,1.479681548970E-04
1.9678E-06,8.31966871861E-03,1.420060210703E-04
1.9680E-06,8.22520979214E-03,1.368349982733E-04
1.9682E-06,7.98649481963E-03,1.387459456297E-04
1.9684E-06,7.90645323228E-03,1.454713815665E-04
1.9686E-06,8.16252526361E-03,1.452301211497E-04
1.9688E-06,8.31132034305E-03,1.422628442133E-04
1.9690E-06,8.15185929183E-03,1.459484974230E-04
1.9692E-06,8.15665816422E-03,1.484936935203E-04
1.9694E-06,8.16226519178E-03,1.457329436047E-04
1.9696E-06,8.13181536738E-03,1.437728241393E-04
1.9698E-06,8.23922596406E-03,1.488297804101E-04
1.9700E-06,8.10556720476E-03,1.526349606300E-04
1.9702E-06,8.06423184927E-03,1.454327904461E-04
1.9704E-06,8.27294473071E-03,1.417926042648E-04
1.9706E-06,8.28455646057E-03,1.506698455503E-04
1.9708E-06,8.36354262661E-03,1.499958469840E-04
1.9710E-06,8.50020932499E-03,1.488302314030E-04
1.9712E-06,8.51222105790E-03,1.494480986921E-04
1.9714E-06,8.30113679636E-03,1.506718368577E-04
1.9716E-06,8.19038740825E-03,1.513178599840E-04
1.9718E-06,8.17054721061E-03,1.517040417837E-04
1.9720E-06,8.16594880540E-03,1.527389179757E-04
1.9722E-06,8.15512357745E-03,1.512740512220E-04
1.9724E-06,8.16303865518E-03,1.455561613040E-04
1.9726E-06,8.15687329974E-03,1.476260593934E-04
1.9728E-06,8.25112314429E-03,1.495387482764E-04
1.9730E-06,8.35607830901E-03,1.491973604849E-04
1.9732E-06,8.36806000676E-03,1.445434323354E-04
1.9734E-06,8.13439839054E-03,1.394584381795E-04
1.9736E-06,8.07954977732E-03,1.401502821902E-04
1.9738E-06,8.12238339800E-03,1.457998432061E-04
1.9740E-06,8.22919305880E-03,1.474089375073E-04
1.9742E-06,8.16235622857E-03,1.491887083585E-04
1.9744E-06,8.14467367250E-03,1.464788373867E-04
1.9746E-06,8.22960214224E-03,1.462016709922E-04
1.9748E-06,8.10791087802E-03,1.406789569492E-04
1.9750E-06,8.06836459320E-03,1.408621572265E-04
1.9752E-06,8.08514260221E-03,1.471737689646E-04
1.9754E-06,8.04809668567E-03,1.495009481283E-04
1.9756E-06,8.14873260911E-03,1.445693054544E-04
1.9758E-06,8.10091641266E-03,1.431171081336E-04
1.9760E-06,8.17701757420E-03,1.432472508242E-04
1.9762E-06,8.09331542347E-03,1.391060808515E-04
1.9764E-06,8.01424031611E-03,1.381111556972E-04
1.9766E-06,8.03231635597E-03,1.395348155713E-04
1.9768E-06,8.15563440788E-03,1.400908413185E-04
1.9770E-06,8.30018312205E-03,1.440714577986E-04
1.9772E-06,8.37083837483E-03,1.403462976059E-04
1.9774E-06,8.24195753317E-03,1.393350395681E-04
1.9776E-06,8.26145570259E-03,1.409378893515E-04
1.9778E-06,8.27565511223E-03,1.434712694334E-04
1.9780E-06,8.29022425692E-03,1.403422317309E-04
1.9782E-06,8.33325671498E-03,1.357775585568E-04
1.9784E-06,8.41453626286E-03,1.345119404914E-04
1.9786E-06,8.38865224738E-03,1.348956106072E-04
1.9788E-06,8.36561179254E-03,1.348821432637E-04
1.9790E-06,8.29448552336E-03,1.327027163310E-04
1.9792E-06,8.27395428438E-03,1.347076506196E-04
1.9794E-06,8.29938451294E-03,1.364425650174E-04
1.9796E-06,8.37615971919E-03,1.355933036497E-04
1.9798E-06,8.32842943724E-03,1.305829522973E-04
1.9800E-06,8.26477912720E-03,1.319493568810E-04
1.9802E-06,8.29861943144E-03,1.303443492698E-04
1.9804E-06,8.24721089099E-03,1.270476740161E-04
1.9806E-06,8.28076038975E-03,1.306878185673E-04
1.9808E-06,8.30163225997E-03,1.338203115696E-04
1.9810E-06,8.35523499641E-03,1.311501141014E-04
1.9812E-06,8.45075912308E-03,1.275066460790E-04
1.9814E-06,8.29112368170E-03,1.277964125229E-04
1.9816E-06,8.15118710976E-03,1.289124327554E-04
1.9818E-06,8.20601732936E-03,1.313503341591E-04
1.9820E-06,8.22710782755E-03,1.292539801290E-04
1.9822E-06,8.28541863244E-03,1.326871119747E-04
1.9824E-06,8.28502631280E-03,1.323514691396E-04
1.9826E-06,8.33945559803E-03,1.298163336543E-04
1.9828E-06,8.18412123714E-03,1.300882962840E-04
1.9830E-06,8.08662945870E-03,1.280184120713E-04
1.9832E-06,8.32989533897E-03,1.242866881965E-04
1.9834E-06,8.46748707350E-03,1.266149774967E-04
1.9836E-06,8.31060345750E-03,1.253572691539E-04
1.9838E-06,8.19305215496E-03,1.224551780457E-04
1.9840E-06,8.16500653978E-03,1.200011657858E-04
1.9842E-06,8.06491218042E-03,1.219724213081E-04
1.9844E-06,8.19762611296E-03,1.203686279086E-04
1.9846E-06,8.30905280542E-03,1.188429534277E-04
1.9848E-06,8.18753127474E-03,1.229093557065E-04
1.9850E-06,7.94871176127E-03,1.222562832134E-04
1.9852E-06,7.97326212283E-03,1.183520441251E-04
1.9854E-06,8.04567338433E-03,1.140164753730E-04
1.9856E-06,8.17673654761E-03,1.093070889665E-04
1.9858E-06,8.28269567806E-03,1.113693271140E-04
1.9860E-06,8.22239929344E-03,1.147821920300E-04
1.9862E-06,8.20423803758E-03,1.179633367648E-04
1.9864E-06,8.26496283058E-03,1.211807829635E-04
1.9866E-06,8.40803516563E-03,1.199080114560E-04
1.9868E-06,8.37456040550E-03,1.136723955004E-04
1.9870E-06,8.27103412244E-03,1.081143305479E-04
1.9872E-06,8.37476739194E-03,1.138624231173E-04
1.9874E-06,8.41403800528E-03,1.175906361854E-04
1.9876E-06,8.37464096490E-03,1.107322405865E-04
1.9878E-06,8.26714352239E-03,1.076851517735E-04
1.9880E-06,8.05077004712E-03,1.112022515694E-04
1.9882E-06,8.12108676415E-03,1.091722143190E-04
1.9884E-06,8.09598878492E-03,1.091148549533E-04
1.9886E-06,8.10564008076E-03,1.093054653918E-04
1.9888E-06,8.11713213567E-03,1.072845867677E-04
1.9890E-06,8.13542074989E-03,1.073590422357E-04
1.9892E-06,8.23528600391E-03,1.058440875104E-04
1.9894E-06,8.23200774845E-03,1.016004033694E-04
1.9896E-06,8.16466823686E-03,1.026487954734E-04
1.9898E-06,8.26622989494E-03,1.093928192584E-04
1.9900E-06,8.22480280418E-03,1.130496227956E-04
1.9902E-06,8.26987998094E-03,1.066053150529E-04
1.9904E-06,8.36980460677E-03,1.017630036762E-04
1.9906E-06,8.26953655574E-03,1.071819060789E-04
1.9908E-06,8.22786545847E-03,1.082828562083E-04
1.9910E-06,8.19770806935E-03,1.025314471060E-04
1.9912E-06,8.32259283867E-03,1.023487255750E-04
1.9914E-06,8.29217793886E-03,1.053539899951E-04
1.9916E-06,8.14834005665E-03,1.073463797411E-04
1.9918E-06,8.03586143535E-03,1.042009397717E-04
1.9920E-06,8.01261934917E-03,1.025863780482E-04
1.9922E-06,8.10543961357E-03,1.028679711120E-04
1.9924E-06,8.17345526535E-03,1.064507493591E-04
1.9926E-06,8.23849161621E-03,1.079838617547E-04
1.9928E-06,8.28266541008E-03,1.060236173989E-04
1.9930E-06,8.28226214740E-03,1.051395116216E-04
1.9932E-06,8.22364004794E-03,1.072424015803E-04
1.9934E-06,8.27011257876E-03,1.114441364380E-04
1.9936E-06,8.21436314378E-03,1.070665628957E-04
1.9938E-06,8.23024033103E-03,1.023891206672E-04
1.9940E-06,8.18831195589E-03,1.021447102381E-04
1.9942E-06,8.32819404546E-03,1.006514794966E-04
1.9944E-06,8.27224670444E-03,1.016311333356E-04
1.9946E-06,8.14345736522E-03,9.921675294918E-05
1.9948E-06,8.22571852710E-03,9.952988776658E-05
1.9950E-06,8.41124473605E-03,9.842832706217E-05
1.9952E-06,8.39947258588E-03,9.947984142509E-05
1.9954E-06,8.33094540518E-03,1.032287238473E-04
1.9956E-06,8.22767779697E-03,1.035744550480E-04
1.9958E-06,8.12050375622E-03,9.867076699902E-05
1.9960E-06,8.23776285630E-03,1.005442888783E-04
1.9962E-06,8.36414868478E-03,1.010052938787E-04
1.9964E-06,8.21484556887E-03,9.722151154001E-05
1.9966E-06,8.17708393093E-03,9.676387857926E-05
1.9968E-06,8.31748243887E-03,9.892391281482E-05
1.9970E-06,8.42670632061E-03,9.548094932270E-05
1.9972E-06,8.29854352865E-03,9.551892292966E-05
1.9974E-06,8.19405425805E-03,1.000882586772E-04
1.9976E-06,8.37293222081E-03,9.437829235849E-05
1.9978E-06,8.30770937260E-03,9.110014944617E-05
1.9980E-06,8.27812940348E-03,9.588124373276E-05
1.9982E-06,8.32590881269E-03,9.431423054357E-05
1.9984E-06,8.30015564803E-03,8.986731509958E-05
1.9986E-06,8.20845320355E-03,9.345970296581E-05
1.9988E-06,8.19509757217E-03,1.003209432894E-04
1.9990E-06,8.30475312192E-03,9.421149434802E-05
1.9992E-06,8.39477988426E-03,8.636029673089E-05
1.9994E-06,8.34927453194E-03,8.631011856069E-05
1.9996E-06,8.29346945044E-03,9.161865951773E-05
1.9998E-06,8.29160121735E-03,9.107612886746E-05
2.0000E-06,8.35126616526E-03,8.832215772290E-05
2.0002E-06,8.24527374003E-03,9.099027368520E-05
2.0004E-06,8.17682991270E-03,9.250968977158E-05
2.0006E-06,8.20709184278E-03,8.631821561885E-05
2.0008E-06,8.19189149421E-03,8.319851000142E-05
2.0010E-06,8.37246306706E-03,8.151062376146E-05
2.0012E-06,8.40510429349E-03,8.151074171346E-05
2.0014E-06,8.38265173603E-03,8.059775851016E-05
2.0016E-06,8.27653684188E-03,7.599620105047E-05
2.0018E-06,8.14998360816E-03,7.569254402351E-05
2.0020E-06,8.24758062605E-03,7.750192082767E-05
2.0022E-06,8.21858040523E-03,8.093911854830E-05
2.0024E-06,8.20933982264E-03,7.797195956391E-05
2.0026E-06,8.21483741980E-03,7.790691944119E-05
2.0028E-06,8.19351641927E-03,7.634687929694E-05
2.0030E-06,8.00292777363E-03,7.634192531277E-05
2.0032E-06,8.02520268131E-03,7.348107577582E-05
2.0034E-06,8.25476624537E-03,6.672524291371E-05
2.0036E-06,8.31113500986E-03,6.330342058372E-05
2.0038E-06,8.22161116172E-03,6.387199781184E-05
2.0040E-06,8.23142148089E-03,6.682836071868E-05
2.0042E-06,8.19601655472E-03,6.622216373962E-05
2.0044E-06,8.17947952542E-03,6.237331352477E-05
2.0046E-06,8.24521413539E-03,5.679603627232E-05
2.0048E-06,8.27750378754E-03,5.728970010114E-05
2.0050E-06,8.21611426305E-03,5.829716285971E-05
2.0052E-06,8.23869697284E-03,5.852554569301E-05
2.0054E-06,8.21123739239E-03,5.362296084222E-05
2.0056E-06,8.14397122245E-03,5.801022032556E-05
2.0058E-06,8.19081418682E-03,5.804899184313E-05
2.0060E-06,8.19403726142E-03,5.529866333400E-05
2.0062E-06,8.32146663684E-03,5.088519075234E-05
2.0064E-06,8.37971364614E-03,5.039891626966E-05
2.0066E-06,8.30287348013E-03,4.666144050007E-05
2.0068E-06,8.22112943511E-03,4.308306116891E-05
2.0070E-06,8.13946268987E-03,3.963947322500E-05
2.0072E-06,8.08529347647E-03,3.971041788627E-05
2.0074E-06,8.25078274589E-03,3.878096997087E-05
2.0076E-06,8.16525427159E-03,3.315599847865E-05
2.0078E-06,8.24846189003E-03,2.980852754135E-05
2.0080E-06,8.35013763513E-03,3.464598207083E-05
2.0082E-06,8.37707753759E-03,3.115456805844E-05
2.0084E-06,8.22299417574E-03,2.633408474085E-05
2.0086E-06,8.12372194137E-03,2.855090939720E-05
2.0088E-06,8.40914157685E-03,3.308587948140E-05
2.0090E-06,8.36509164888E-03,3.127254087758E-05
2.0092E-06,8.20033579599E-03,2.885291509610E-05
2.0094E-06,8.16114038695E-03,2.414196062182E-05
2.0096E-06,8.26385758351E-03,1.865017775726E-05
2.0098E-06,8.26383243780E-03,1.966183821951E-05
2.0100E-06,8.27887003776E-03,1.858615757246E-05
2.0102E-06,8.31948315259E-03,1.235516256001E-05
2.0104E-06,8.28019996639E-03,1.537215973531E-05
2.0106E-06,8.24650308583E-03,1.748080158886E-05
2.0108E-06,8.20203988347E-03,1.376702029538E-05
2.0110E-06,8.21611356456E-03,1.189245766309E-05
2.0112E-06,8.24659645092E-03,1.177544233669E-05
2.0114E-06,8.24287511874E-03,9.861865344464E-06
2.0116E-06,8.24109117035E-03,1.040667177458E-05
2.0118E-06,8.27515173238E-03,9.330984189182E-06
2.0120E-06,8.29459029715E-03,3.399226472718E-06
2.0122E-06,8.26558611821E-03,2.652944142936E-06
2.0124E-06,8.16639421042E-03,4.646062416031E-06
2.0126E-06,8.05631909985E-03,8.953486849324E-08
2.0128E-06,8.12895061914E-03,4.318593377316E-07
2.0130E-06,8.09389563743E-03,-3.163976890029E-06
2.0132E-06,8.18044088315E-03,-3.459606242359E-06
2.0134E-06,8.33919971716E-03,4.272179958062E-08
2.0136E-06,8.23826204520E-03,-3.339905773283E-06
2.0138E-06,8.16818793770E-03,-6.871513665647E-06
2.0140E-06,8.17146502901E-03,-1.361476729344E-05
2.0142E-06,8.23967928532E-03,-1.600623723771E-05
2.0144E-06,8.21428910363E-03,-1.589953924249E-05
2.0146E-06,8.24408863205E-03,-2.036266267951E-05
2.0148E-06,8.18581391591E-03,-1.729450208786E-05
2.0150E-06,8.11136235949E-03,-1.561422028299E-05
2.0152E-06,8.07193388697E-03,-1.578285001870E-05
2.0154E-06,8.07547919918E-03,-1.601840710919E-05
2.0156E-06,8.21442670654E-03,-2.007159876357E-05
2.0158E-06,8.24673964176E-03,-2.114298457000E-05
2.0160E-06,8.30333751161E-03,-1.804656406585E-05
2.0162E-06,8.16217275802E-03,-2.451395570952E-05
2.0164E-06,8.11070926953E-03,-3.099092921893E-05
2.0166E-06,8.23351160157E-03,-2.861006107833E-05
2.0168E-06,8.27105740551E-03,-2.210040098708E-05
2.0170E-06,8.19056319538E-03,-2.548606062028E-05
2.0172E-06,8.08767789509E-03,-2.856331045459E-05
2.0174E-06,8.22614856530E-03,-3.076505113113E-05
2.0176E-06,8.27245858032E-03,-2.768853676225E-05
2.0178E-06,8.02153792698E-03,-2.684156505111E-05
2.0180E-06,8.01151782740E-03,-3.236451499815E-05
2.0182E-06,8.26209645253E-03,-3.657355594169E-05
2.0184E-06,8.26062077191E-03,-3.154043291415E-05
2.0186E-06,8.21385766845E-03,-2.815772208105E-05
2.0188E-06,8.21934734937E-03,-3.361598576139E-05
2.0190E-06,8.17883924115E-03,-3.578862698469E-05
2.0192E-06,8.21731520351E-03,-3.324594950955E-05
2.0194E-06,8.14816450234E-03,-3.486989188659E-05
2.0196E-06,8.13668548595E-03,-3.385147346835E-05
2.0198E-06,8.35102518555E-03,-3.317849483992E-05
2.0200E-06,8.32602429669E-03,-4.111997430864E-05
2.0202E-06,8.03655224387E-03,-3.827648453134E-05
2.0204E-06,8.00724701490E-03,-3.241551883239E-05
2.0206E-06,8.25783076230E-03,-3.507508674356E-05
2.0208E-06,8.26340239961E-03,-3.990392383839E-05
2.0210E-06,8.16237275954E-03,-3.810395544115E-05
2.0212E-06,8.09120062273E-03,-3.622423761244E-05
2.0214E-06,8.07288895827E-03,-3.984645345900E-05
2.0216E-06,8.22870062198E-03,-4.027287770714E-05
2.0218E-06,8.20845343638E-03,-4.037907614093E-05
2.0220E-06,8.18656409625E-03,-4.449986817035E-05
2.0222E-06,8.21639272850E-03,-4.365616442356E-05
2.0224E-06,8.19811389316E-03,-4.020312644261E-05
2.0226E-06,8.11351581011E-03,-3.701704853866E-05
2.0228E-06,8.19104073103E-03,-3.979581735748E-05
2.0230E-06,8.23370228987E-03,-3.960610196646E-05
2.0232E-06,8.21997296531E-03,-3.912828533630E-05
2.0234E-06,8.34476250689E-03,-4.266196779627E-05
2.0236E-06,8.36499339435E-03,-4.375712440069E-05
2.0238E-06,8.32906948868E-03,-4.227777730394E-05
2.0240E-06,8.23036629241E-03,-4.566280554700E-05
2.0242E-06,8.29895563889E-03,-4.522379512619E-05
2.0244E-06,8.12557620462E-03,-3.911791249830E-05
2.0246E-06,8.16824963782E-03,-3.911093945335E-05
2.0248E-06,8.26851605903E-03,-4.493551348987E-05
2.0250E-06,8.23270600755E-03,-4.600507450941E-05
2.0252E-06,8.05691910442E-03,-4.356698577012E-05
2.0254E-06,7.98544917721E-03,-4.157653182465E-05
2.0256E-06,7.95074157882E-03,-3.742328217904E-05
2.0258E-06,7.96213398222E-03,-3.607559727225E-05
2.0260E-06,8.11831305269E-03,-3.448135104682E-05
2.0262E-06,8.24870682787E-03,-3.531545211281E-05
2.0264E-06,8.25080882292E-03,-3.732572199497E-05
2.0266E-06,8.10314110946E-03,-3.775772467907E-05
2.0268E-06,8.11121474486E-03,-3.625892937835E-05
2.0270E-06,8.17902131472E-03,-3.167647320497E-05
2.0272E-06,8.08597078081E-03,-3.387781839538E-05
2.0274E-06,7.90006156545E-03,-3.725150936935E-05
2.0276E-06,8.01365754101E-03,-3.784165099915E-05
2.0278E-06,8.13219790812E-03,-3.307598761003E-05
2.0280E-06,8.06472382042E-03,-3.473460787627E-05
2.0282E-06,8.05274631362E-03,-3.454608588199E-05
2.0284E-06,8.14836799633E-03,-3.308156604599E-05
2.0286E-06,8.23571348097E-03,-3.546870645787E-05
2.0288E-06,8.37662957143E-03,-3.746911694016E-05
2.0290E-06,8.35401542950E-03,-3.591389201301E-05
2.0292E-06,8.13229988795E-03,-3.312267578858E-05
2.0294E-06,7.97043323051E-03,-3.257306801806E-05
2.0296E-06,8.05841201451E-03,-3.007444214727E-05
2.0298E-06,8.19001813885E-03,-3.056234020460E-05
2.0300E-06,8.11027690302E-03,-3.177818252425E-05
2.0302E-06,8.21098337416E-03,-2.656296935584E-05
2.0304E-06,8.32788181957E-03,-1.878782302792E-05
2.0306E-06,8.18893617485E-03,-2.109232765342E-05
2.0308E-06,8.06606026832E-03,-2.511165320593E-05
2.0310E-06,8.21396337356E-03,-3.130901108216E-05
2.0312E-06,8.30481063109E-03,-3.154506079573E-05
2.0314E-06,8.30254146363E-03,-2.794169645477E-05
2.0316E-06,8.18868774455E-03,-2.555891332868E-05
2.0318E-06,8.28087494243E-03,-2.530890364851E-05
2.0320E-06,8.25273386668E-03,-2.201639140676E-05
2.0322E-06,7.99231139477E-03,-2.269091034959E-05
2.0324E-06,7.93009182904E-03,-2.555166274961E-05
2.0326E-06,8.19201349746E-03,-1.925095810275E-05
2.0328E-06,8.17808091175E-03,-2.056605356465E-05
2.0330E-06,8.24334497098E-03,-2.371729399729E-05
2.0332E-06,8.21108349133E-03,-2.155191722977E-05
2.0334E-06,8.17045058589E-03,-2.216229803580E-05
2.0336E-06,8.22694181930E-03,-2.558445340674E-05
2.0338E-06,8.24263576884E-03,-2.198267794866E-05
2.0340E-06,8.28763075638E-03,-2.272756566945E-05
2.0342E-06,8.39923323598E-03,-2.215807951707E-05
2.0344E-06,8.35740567651E-03,-1.530955025646E-05
2.0346E-06,8.16116879228E-03,-1.043461474310E-05
2.0348E-06,8.17371091340E-03,-1.617150881048E-05
2.0350E-06,8.29267619643E-03,-2.003735799062E-05
2.0352E-06,8.27759575564E-03,-2.130885284114E-05
2.0354E-06,8.22803821880E-03,-2.339208644535E-05
2.0356E-06,8.20780570153E-03,-2.175858301762E-05
2.0358E-06,8.22021464351E-03,-1.157219937722E-05
2.0360E-06,8.17431115080E-03,-9.586796552868E-06
2.0362E-06,8.23528856505E-03,-1.368286029156E-05
2.0364E-06,8.36939063389E-03,-1.818839094322E-05
2.0366E-06,8.25364842545E-03,-1.555222609732E-05
2.0368E-06,8.05417356547E-03,-8.407332018942E-06
2.0370E-06,8.01894908305E-03,-7.072996503668E-06
2.0372E-06,8.22928479407E-03,-7.792559235350E-06
2.0374E-06,8.38347339537E-03,-8.292044342490E-06
2.0376E-06,8.15783977974E-03,-6.562701442272E-06
2.0378E-06,8.07927852962E-03,-9.183372945519E-06
2.0380E-06,8.15606700722E-03,-5.483433666633E-06
2.0382E-06,8.33662391174E-03,-3.877475501032E-06
2.0384E-06,8.30048719887E-03,-6.913802928285E-06
2.0386E-06,8.16895441618E-03,-8.496996357099E-06
2.0388E-06,8.11318635475E-03,-4.543161920266E-06
2.0390E-06,8.29821267631E-03,-5.562544769602E-06
2.0392E-06,8.27102317940E-03,-8.344602367835E-06
2.0394E-06,8.29993306193E-03,-1.110297242831E-05
2.0396E-06,8.29595026094E-03,-9.612301939160E-06
2.0398E-06,8.24097964447E-03,-5.710428829299E-06
2.0400E-06,8.12967448961E-03,-3.356682711274E-06
2.0402E-06,8.10240420047E-03,-3.099332253443E-06
2.0404E-06,8.15615944099E-03,-9.360016479151E-06
2.0406E-06,8.32275442313E-03,-8.124372099520E-06
2.0408E-06,8.45516427886E-03,-3.536240353243E-06
2.0410E-06,8.39482319076E-03,-1.147656763898E-06
2.0412E-06,8.28153268900E-03,-1.738693441259E-06
2.0414E-06,8.24116753880E-03,-1.406720994966E-06
2.0416E-06,8.26948626432E-03,1.442381910055E-06
2.0418E-06,8.24223436881E-03,-1.362211459310E-06
2.0420E-06,8.10288336594E-03,-4.054910006927E-06
2.0422E-06,8.08415097650E-03,4.072355386416E-08
2.0424E-06,8.27818155754E-03,1.693161747425E-06
2.0426E-06,8.39307183865E-03,-2.771793414832E-06
2.0428E-06,8.21133937221E-03,7.226530742560E-08
2.0430E-06,8.19565752987E-03,5.234441704123E-06
2.0432E-06,8.30915641505E-03,3.294110422028E-06
2.0434E-06,8.19008728955E-03,8.915529893776E-07
2.0436E-06,8.13066285569E-03,1.444373217417E-06
2.0438E-06,8.19705521222E-03,2.379482829018E-06
2.0440E-06,8.14706833567E-03,1.496958996176E-06
2.0442E-06,8.09775853064E-03,1.319122065796E-06
2.0444E-06,8.02851516288E-03,2.915609379305E-06
2.0446E-06,8.10320560355E-03,7.544483135460E-06
2.0448E-06,8.21243600454E-03,9.638853212882E-07
2.0450E-06,8.16299977247E-03,-2.894442684011E-06
2.0452E-06,8.13844521996E-03,1.793004649697E-06
2.0454E-06,8.17832841072E-03,3.776423105045E-06
2.0456E-06,8.32663384732E-03,4.732916721149E-06
2.0458E-06,8.31355016213E-03,7.652714506728E-06
2.0460E-06,8.36962113622E-03,8.092862817465E-06
2.0462E-06,8.53610482532E-03,5.078994839458E-06
2.0464E-06,8.52363674436E-03,9.153077875270E-06
2.0466E-06,8.28579861205E-03,8.323049622594E-06
2.0468E-06,8.08245853055E-03,1.217662527232E-06
2.0470E-06,8.09551124927E-03,-1.201560413406E-07
2.0472E-06,8.27343414072E-03,8.051572677685E-06
2.0474E-06,8.14630162436E-03,8.433515143586E-06
2.0476E-06,8.06197851431E-03,7.675583318814E-06
2.0478E-06,8.14198913518E-03,1.194672946167E-05
2.0480E-06,8.11830141116E-03,1.283213964944E-05
2.0482E-06,8.20697891991E-03,1.115417525452E-05
2.0484E-06,8.29782664310E-03,1.247890808900E-05
2.0486E-06,8.28947803471E-03,1.511347017531E-05
2.0488E-06,8.30138895195E-03,1.231360182446E-05
2.0490E-06,8.16340769175E-03,7.148185216828E-06
2.0492E-06,8.15012959298E-03,1.168640245032E-05
2.0494E-06,8.15726701636E-03,1.235772281234E-05
2.0496E-06,8.17921083886E-03,1.487258442958E-05
2.0498E-06,8.27955828514E-03,1.686697242130E-05
2.0500E-06,8.32780940924E-03,1.405416404177E-05
2.0502E-06,8.26492511202E-03,1.086489449535E-05
2.0504E-06,8.19295529742E-03,1.066618699861E-05
2.0506E-06,8.24793732259E-03,1.117703018990E-05
2.0508E-06,8.11326086055E-03,9.332156770870E-06
2.0510E-06,8.08567787986E-03,6.860576600773E-06
2.0512E-06,8.09999673162E-03,1.041777313967E-05
2.0514E-06,8.17082381342E-03,1.261225629878E-05
2.0516E-06,8.23225152213E-03,1.318184652646E-05
2.0518E-06,8.34389637690E-03,1.487342397031E-05
2.0520E-06,8.40556390118E-03,1.449183536042E-05
2.0522E-06,8.22012593504E-03,1.153073355836E-05
2.0524E-06,8.17415911239E-03,1.055140582193E-05
2.0526E-06,8.27283064369E-03,1.460423668195E-05
2.0528E-06,8.18607328925E-03,1.943975541089E-05
2.0530E-06,8.14529207069E-03,1.773314255570E-05
2.0532E-06,8.23778963182E-03,1.314047312644E-05
2.0534E-06,8.27068021987E-03,1.927744651493E-05
2.0536E-06,8.08671257924E-03,2.138014913817E-05
2.0538E-06,8.07749527972E-03,2.246879756731E-05
2.0540E-06,8.20361661259E-03,2.497434097622E-05
2.0542E-06,8.24481809046E-03,2.814110944328E-05
2.0544E-06,8.35960266646E-03,2.873013399821E-05
2.0546E-06,8.31353526097E-03,2.781891313662E-05
2.0548E-06,8.24131538626E-03,2.002413126920E-05
2.0550E-06,8.29725574236E-03,1.917465481256E-05
2.0552E-06,8.27874733601E-03,2.659754094948E-05
2.0554E-06,8.27171259094E-03,2.939102601540E-05
2.0556E-06,8.30388862174E-03,2.706795435679E-05
2.0558E-06,8.11798848677E-03,2.785057284218E-05
2.0560E-06,8.04314856883E-03,2.947822723818E-05
2.0562E-06,8.11961550731E-03,2.481924796757E-05
2.0564E-06,8.26993981842E-03,2.558027429786E-05
2.0566E-06,8.27384252567E-03,3.102379397769E-05
2.0568E-06,8.20844132919E-03,3.451922529657E-05
2.0570E-06,8.14202010166E-03,2.821274793987E-05
2.0572E-06,8.23563944083E-03,2.519135184866E-05
2.0574E-06,8.33489118609E-03,2.515842936282E-05
2.0576E-06,8.19968992378E-03,3.516058584955E-05
2.0578E-06,8.10011058580E-03,3.540412204620E-05
2.0580E-06,8.03123532329E-03,3.355040222686E-05
2.0582E-06,8.09010096360E-03,3.279342095648E-05
2.0584E-06,8.09548633639E-03,3.228710157146E-05
2.0586E-06,8.23894610163E-03,3.153861284536E-05
2.0588E-06,8.41033902485E-03,3.276577161905E-05
2.0590E-06,8.39947235305E-03,3.349172457401E-05
2.0592E-06,8.23324687313E-03,3.351621696074E-05
2.0594E-06,8.21076847147E-03,3.489207851981E-05
2.0596E-06,8.10834277887E-03,3.104723867309E-05
2.0598E-06,8.25605030637E-03,3.381437187363E-05
2.0600E-06,8.25508336071E-03,3.780008110498E-05
2.0602E-06,8.25945848133E-03,3.667663683463E-05
2.0604E-06,8.22174783330E-03,3.252807751578E-05
2.0606E-06,8.26596702915E-03,3.328786188085E-05
2.0608E-06,8.35629251320E-03,4.026539594215E-05
2.0610E-06,8.37258646730E-03,4.060281499569E-05
2.0612E-06,8.37799745146E-03,3.759899375309E-05
2.0614E-06,8.27763906214E-03,3.858349750098E-05
2.0616E-06,8.20232626516E-03,3.744174291660E-05
2.0618E-06,8.19706685375E-03,3.371595133376E-05
2.0620E-06,8.17869651597E-03,3.394762988482E-05
2.0622E-06,8.30787724350E-03,3.816492746864E-05
2.0624E-06,8.29370530788E-03,3.896090228391E-05
2.0626E-06,8.03790731821E-03,3.813929719199E-05
2.0628E-06,8.05766299833E-03,3.909276568611E-05
2.0630E-06,8.26131763402E-03,3.753439074662E-05
2.0632E-06,8.18722277414E-03,3.654156791326E-05
2.0634E-06,8.09869637247E-03,3.466315449496E-05
2.0636E-06,8.23292789515E-03,3.609736760427E-05
2.0638E-06,8.24587374460E-03,3.818744242471E-05
2.0640E-06,8.18089187611E-03,3.684201248270E-05
2.0642E-06,8.12130609061E-03,3.568607590441E-05
2.0644E-06,8.21076474618E-03,3.705224458408E-05
2.0646E-06,8.33785069641E-03,3.810857416411E-05
2.0648E-06,8.26780592557E-03,3.684588408378E-05
2.0650E-06,8.10573717113E-03,3.707802056615E-05
2.0652E-06,8.10682635289E-03,4.321155946982E-05
2.0654E-06,8.26071576681E-03,4.601212859434E-05
2.0656E-06,8.19877909031E-03,4.540058908333E-05
2.0658E-06,7.98331900965E-03,4.616283656378E-05
2.0660E-06,7.89566339459E-03,4.517340658513E-05
2.0662E-06,8.10826990288E-03,4.148429807556E-05
2.0664E-06,8.18567794282E-03,4.075420292374E-05
2.0666E-06,8.24112213682E-03,4.278267904465E-05
2.0668E-06,8.37356156204E-03,4.375832945388E-05
2.0670E-06,8.27830239665E-03,4.810365353060E-05
2.0672E-06,8.13847804908E-03,4.443585270364E-05
2.0674E-06,8.18668703083E-03,3.765546500963E-05
2.0676E-06,8.25452549849E-03,3.875586007070E-05
2.0678E-06,8.28522305470E-03,4.032407359500E-05
2.0680E-06,8.26232998166E-03,4.318917634246E-05
2.0682E-06,8.27561692800E-03,4.643885813002E-05
2.0684E-06,8.35461543407E-03,4.993983319309E-05
2.0686E-06,8.27171841171E-03,4.740646004957E-05
2.0688E-06,8.19604612421E-03,4.620358551201E-05
2.0690E-06,8.22082396131E-03,4.509632841964E-05
2.0692E-06,8.18200503942E-03,3.897425861378E-05
2.0694E-06,8.05405016523E-03,3.444591465686E-05
2.0696E-06,8.20111182053E-03,3.783286482376E-05
2.0698E-06,8.32303358707E-03,4.463628091198E-05
2.0700E-06,8.24600273278E-03,4.557551884372E-05
2.0702E-06,8.29260238912E-03,4.098227353115E-05
2.0704E-06,8.40069727506E-03,3.967371399794E-05
2.0706E-06,8.33384065423E-03,3.825981638674E-05
2.0708E-06,8.36725185159E-03,3.889706249629E-05
2.0710E-06,8.19322701078E-03,4.145132008289E-05
2.0712E-06,8.04479258601E-03,4.154543884379E-05
2.0714E-06,8.14272930380E-03,4.053066999932E-05
2.0716E-06,8.17226945888E-03,3.770852953476E-05
2.0718E-06,8.29753350932E-03,3.695319959243E-05
2.0720E-06,8.40229449328E-03,3.623271405977E-05
2.0722E-06,8.35098839831E-03,3.820308147278E-05
2.0724E-06,8.27274915296E-03,4.107158401330E-05
2.0726E-06,8.19036202971E-03,4.077765455750E-05
2.0728E-06,8.17850489635E-03,3.628515413311E-05
2.0730E-06,8.10888038482E-03,3.571042258572E-05
2.0732E-06,8.04835629184E-03,3.685806089361E-05
2.0734E-06,8.10421189759E-03,3.358820237499E-05
2.0736E-06,8.32662127446E-03,3.491537057143E-05
2.0738E-06,8.31401745323E-03,3.653020289075E-05
2.0740E-06,8.15321762580E-03,3.456968793926E-05
2.0742E-06,8.22321466636E-03,2.989160738234E-05
2.0744E-06,8.21799972560E-03,2.664003142436E-05
2.0746E-06,8.06656807195E-03,2.348801389617E-05
2.0748E-06,8.06110353675E-03,2.647408683133E-05
2.0750E-06,8.30426953267E-03,2.940847597365E-05
2.0752E-06,8.35896447766E-03,2.864305072744E-05
2.0754E-06,8.31711875740E-03,2.828244369757E-05
2.0756E-06,8.21186882909E-03,2.705404295866E-05
2.0758E-06,8.19924870971E-03,2.309369340819E-05
2.0760E-06,8.19943357725E-03,1.960894715321E-05
2.0762E-06,8.14998873044E-03,2.200075013843E-05
2.0764E-06,8.14611093607E-03,2.244474923518E-05
2.0766E-06,8.28681095969E-03,2.202603349742E-05
2.0768E-06,8.36496522184E-03,2.298247160670E-05
2.0770E-06,8.33356358576E-03,2.259267492500E-05
2.0772E-06,8.12454290222E-03,1.885975765344E-05
2.0774E-06,8.00863421988E-03,1.128880012129E-05
2.0776E-06,7.99322758336E-03,1.063515174483E-05
2.0778E-06,8.13472155947E-03,1.030325562042E-05
2.0780E-06,8.19853322115E-03,9.161403899087E-06
2.0782E-06,8.33026437554E-03,8.852244758053E-06
2.0784E-06,8.26916938182E-03,7.043700556276E-06
2.0786E-06,8.28368823510E-03,4.898105033679E-06
2.0788E-06,8.32506014500E-03,5.086744979961E-06
2.0790E-06,8.24600482825E-03,5.221439230261E-06
2.0792E-06,8.30293518025E-03,4.698419229133E-06
2.0794E-06,8.26541871298E-03,8.031271056278E-06
2.0796E-06,8.19080091547E-03,5.615759718238E-06
2.0798E-06,8.28551199753E-03,1.933756082324E-06
2.0800E-06,8.43946613837E-03,-1.914421112270E-06
2.0802E-06,8.27716967557E-03,-5.480984427960E-06
2.0804E-06,8.14279496204E-03,-8.445152982131E-06
2.0806E-06,8.14860222395E-03,-9.385029242368E-06
2.0808E-06,8.16839678679E-03,-7.966226215468E-06
2.0810E-06,8.20745133329E-03,-9.110457791941E-06
2.0812E-06,8.17909628618E-03,-8.122887291939E-06
2.0814E-06,8.13011267688E-03,-8.781676988111E-06
2.0816E-06,8.20688485633E-03,-1.296129931416E-05
2.0818E-06,8.26660032850E-03,-1.920307652745E-05
2.0820E-06,8.20247783791E-03,-1.684430010337E-05
2.0822E-06,8.29530694988E-03,-7.959454382764E-06
2.0824E-06,8.36730377283E-03,-1.044102578144E-05
2.0826E-06,8.28248776030E-03,-1.203080370742E-05
2.0828E-06,8.18071655463E-03,-1.520351834315E-05
2.0830E-06,8.35306734312E-03,-2.216853561531E-05
2.0832E-06,8.28895416576E-03,-2.568533706199E-05
2.0834E-06,8.12570542563E-03,-2.501622309628E-05
2.0836E-06,7.96779456083E-03,-2.480052357260E-05
2.0838E-06,8.15482555423E-03,-2.891980304103E-05
2.0840E-06,8.23036908638E-03,-3.148233114462E-05
2.0842E-06,8.32871069666E-03,-3.451640360709E-05
2.0844E-06,8.31678511109E-03,-3.089825363550E-05
2.0846E-06,8.23384152260E-03,-2.723997916746E-05
2.0848E-06,8.26855261344E-03,-2.592978218290E-05
2.0850E-06,8.26796564739E-03,-3.352369178738E-05
2.0852E-06,8.12586235348E-03,-3.136240864824E-05
2.0854E-06,8.08250137139E-03,-3.405648792814E-05
2.0856E-06,8.14877940807E-03,-3.558601319510E-05
2.0858E-06,8.12390960287E-03,-3.396835696604E-05
2.0860E-06,7.91120763402E-03,-3.865869065467E-05
2.0862E-06,7.96201151330E-03,-4.292044920567E-05
2.0864E-06,8.13410479110E-03,-4.485628443490E-05
2.0866E-06,8.13604007941E-03,-4.344194276910E-05
2.0868E-06,8.16795883234E-03,-3.982313365396E-05
2.0870E-06,8.37405516300E-03,-3.939620290603E-05
2.0872E-06,8.47872487735E-03,-4.041452418733E-05
2.0874E-06,8.28941866290E-03,-4.208108192961E-05
2.0876E-06,8.23147968855E-03,-4.344156115967E-05
2.0878E-06,8.27165019233E-03,-4.793548394646E-05
2.0880E-06,8.02630280610E-03,-5.255710712354E-05
2.0882E-06,7.95187313575E-03,-5.724311127979E-05
2.0884E-06,8.20215397049E-03,-5.643950427602E-05
2.0886E-06,8.33065972198E-03,-5.350261732656E-05
2.0888E-06,8.21007626597E-03,-5.317319125588E-05
2.0890E-06,7.95046451036E-03,-5.716078078094E-05
2.0892E-06,7.86319795530E-03,-5.939060097280E-05
2.0894E-06,8.26363755856E-03,-5.784928050544E-05
2.0896E-06,8.47169036511E-03,-5.417854475509E-05
2.0898E-06,8.29182263929E-03,-5.332432940322E-05
2.0900E-06,8.11893797014E-03,-5.948633636999E-05
2.0902E-06,8.27963814605E-03,-6.250301438104E-05
2.0904E-06,8.31332268659E-03,-5.717243027593E-05
2.0906E-06,8.26151856687E-03,-5.546606026310E-05
2.0908E-06,8.23028293904E-03,-5.983839534874E-05
2.0910E-06,8.21811171714E-03,-6.410640535596E-05
2.0912E-06,8.16788712051E-03,-6.602389557939E-05
2.0914E-06,8.16824754234E-03,-6.302342556137E-05
2.0916E-06,8.22691667359E-03,-5.821149029489E-05
2.0918E-06,8.26919243205E-03,-5.718185949791E-05
2.0920E-06,8.08466949034E-03,-6.079792796354E-05
2.0922E-06,8.04389106575E-03,-5.873311568703E-05
2.0924E-06,8.26484990772E-03,-5.546195969637E-05
2.0926E-06,8.22938607540E-03,-5.260988023783E-05
2.0928E-06,8.11283734161E-03,-5.569121676217E-05
2.0930E-06,8.17340869922E-03,-5.918183286394E-05
2.0932E-06,8.20815448183E-03,-6.501371992472E-05
2.0934E-06,8.21177523117E-03,-6.589329495746E-05
2.0936E-06,8.30883953255E-03,-5.913382639828E-05
2.0938E-06,8.27439363580E-03,-5.778645371738E-05
2.0940E-06,8.09535432141E-03,-6.084452594350E-05
2.0942E-06,8.06540741119E-03,-6.041030992474E-05
2.0944E-06,8.18309259135E-03,-5.998100626002E-05
2.0946E-06,8.27900903765E-03,-6.290411364007E-05
2.0948E-06,8.26295746025E-03,-6.111574616935E-05
2.0950E-06,8.20783154573E-03,-5.710494091454E-05
2.0952E-06,8.13622517977E-03,-5.488098363112E-05
2.0954E-06,8.14247970935E-03,-5.807443006615E-05
2.0956E-06,8.00352382008E-03,-5.855497346911E-05
2.0958E-06,7.96035375912E-03,-5.954726204927E-05
2.0960E-06,8.20628275629E-03,-5.664954210352E-05
2.0962E-06,8.39772472624E-03,-5.385554359946E-05
2.0964E-06,8.28694972675E-03,-5.164064086694E-05
2.0966E-06,8.13993184362E-03,-5.355334362666E-05
2.0968E-06,8.16272922326E-03,-5.895107017550E-05
2.0970E-06,8.19298672955E-03,-5.518709683511E-05
2.0972E-06,8.07757583912E-03,-5.008966915029E-05
2.0974E-06,8.16259907093E-03,-5.094312128331E-05
2.0976E-06,8.29495304730E-03,-4.983372023980E-05
2.0978E-06,8.21485814173E-03,-4.839843168575E-05
2.0980E-06,8.13940355088E-03,-5.082865233253E-05
2.0982E-06,8.09273451101E-03,-4.852427953574E-05
2.0984E-06,8.20665481966E-03,-5.320927069242E-05
2.0986E-06,8.20570906158E-03,-6.060939209256E-05
2.0988E-06,8.25869316701E-03,-5.782769528869E-05
2.0990E-06,8.25146121438E-03,-5.192682018224E-05
2.0992E-06,8.21175520774E-03,-5.117014419939E-05
2.0994E-06,8.19985895883E-03,-4.748610762599E-05
2.0996E-06,8.23248016182E-03,-4.729232636000E-05
2.0998E-06,8.22098088916E-03,-4.653295829612E-05
2.1000E-06,8.28063163441E-03,-4.465970007423E-05
2.1002E-06,8.29103078227E-03,-4.168470075074E-05
2.1004E-06,8.29430647660E-03,-4.523282192367E-05
2.1006E-06,8.36932008620E-03,-4.384894656669E-05
2.1008E-06,8.34339485969E-03,-4.650861855316E-05
2.1010E-06,8.19384005386E-03,-4.799389100354E-05
2.1012E-06,8.18862185348E-03,-4.131551791634E-05
2.1014E-06,8.19664356764E-03,-3.130166336614E-05
2.1016E-06,8.09587143827E-03,-2.784444155823E-05
2.1018E-06,8.04444054607E-03,-3.068456623423E-05
2.1020E-06,8.13980751205E-03,-3.529913310613E-05
2.1022E-06,8.49526283797E-03,-4.275731464568E-05
2.1024E-06,8.47577258479E-03,-4.022521815914E-05
2.1026E-06,8.25403515715E-03,-3.239369077328E-05
2.1028E-06,8.24003854301E-03,-3.153894810657E-05
2.1030E-06,8.39061454404E-03,-3.372459874208E-05
2.1032E-06,8.36605649907E-03,-3.657602599542E-05
2.1034E-06,8.28664425295E-03,-3.143310352880E-05
2.1036E-06,8.25652202126E-03,-2.831584715004E-05
2.1038E-06,8.26391276438E-03,-2.624512339662E-05
2.1040E-06,8.11938942876E-03,-2.856950640398E-05
2.1042E-06,8.06159317959E-03,-2.680534684751E-05
2.1044E-06,8.18233170081E-03,-2.714093417581E-05
2.1046E-06,8.45857105683E-03,-2.331257985625E-05
2.1048E-06,8.48346810322E-03,-2.484569919016E-05
2.1050E-06,8.21304997895E-03,-2.443880640622E-05
2.1052E-06,8.08079984505E-03,-2.150255084689E-05
2.1054E-06,8.16798747051E-03,-1.973492905218E-05
2.1056E-06,8.21970125195E-03,-1.806019099149E-05
2.1058E-06,8.16756814252E-03,-1.487983722891E-05
2.1060E-06,8.14996055793E-03,-1.432910544518E-05
2.1062E-06,8.17645342555E-03,-1.749730321299E-05
2.1064E-06,8.16175482701E-03,-1.282323996256E-05
2.1066E-06,8.07975117583E-03,-1.372258236352E-05
2.1068E-06,8.22873577941E-03,-1.120934432092E-05
2.1070E-06,8.27825466636E-03,-8.307614007027E-06
2.1072E-06,8.22162350174E-03,-1.022299497108E-05
2.1074E-06,8.28234340530E-03,-1.048037318233E-05
2.1076E-06,8.19701935630E-03,-3.209881034673E-06
2.1078E-06,8.17026874516E-03,-6.259911709459E-06
2.1080E-06,8.31426355522E-03,-3.140213030384E-06
2.1082E-06,8.20855401922E-03,1.537513670517E-06
2.1084E-06,8.16956210416E-03,-4.534315519960E-06
2.1086E-06,8.12387886923E-03,-8.085399369704E-06
2.1088E-06,8.16289918963E-03,-3.204496872605E-06
2.1090E-06,8.20069388952E-03,4.303633871494E-06
2.1092E-06,8.11059099156E-03,6.677875884814E-06
2.1094E-06,8.14365666825E-03,1.191282908439E-06
2.1096E-06,8.13229802530E-03,5.089686841710E-06
2.1098E-06,8.21142412256E-03,1.070125343558E-05
2.1100E-06,8.27980811242E-03,8.101452498703E-06
2.1102E-06,8.41654838528E-03,7.214363229468E-06
2.1104E-06,8.52575503755E-03,9.170909442946E-06
2.1106E-06,8.36332516279E-03,7.507862507371E-06
2.1108E-06,8.22917629499E-03,3.864110012545E-06
2.1110E-06,8.15307629760E-03,9.994908266708E-06
2.1112E-06,8.18740182090E-03,1.632458747645E-05
2.1114E-06,8.29618658405E-03,2.006012050715E-05
2.1116E-06,8.32572906744E-03,1.892229303066E-05
2.1118E-06,8.40371219907E-03,1.431212507468E-05
2.1120E-06,8.34008726757E-03,1.817391531822E-05
2.1122E-06,8.27751356643E-03,2.418337565195E-05
2.1124E-06,8.17191229667E-03,2.134971058276E-05
2.1126E-06,8.15198828000E-03,2.170658477862E-05
2.1128E-06,8.21253030095E-03,2.533952731919E-05
2.1130E-06,8.06999091525E-03,2.808546385077E-05
2.1132E-06,7.94605679344E-03,2.932334931847E-05
2.1134E-06,8.11577729415E-03,3.026735389885E-05
2.1136E-06,8.27950729523E-03,3.259329803568E-05
2.1138E-06,8.25183444191E-03,3.564697134589E-05
2.1140E-06,8.10424007010E-03,3.639846437891E-05
2.1142E-06,8.17873050924E-03,3.624571653363E-05
2.1144E-06,8.23263545986E-03,4.146641793941E-05
2.1146E-06,8.34813575726E-03,4.317426582147E-05
2.1148E-06,8.24534312356E-03,4.236053576042E-05
2.1150E-06,8.08576193172E-03,4.167738550623E-05
2.1152E-06,8.03014171775E-03,4.577167302650E-05
2.1154E-06,8.22172222193E-03,4.908396651317E-05
2.1156E-06,8.26612162869E-03,5.336452800129E-05
2.1158E-06,8.16751808394E-03,5.182545556036E-05
2.1160E-06,8.23554700706E-03,4.669624327962E-05
2.1162E-06,8.14892073627E-03,4.697799592559E-05
2.1164E-06,8.10345380101E-03,4.788220211212E-05
2.1166E-06,8.18561181892E-03,4.803686494288E-05
2.1168E-06,8.17552280147E-03,5.131754729245E-05
2.1170E-06,8.16015528049E-03,5.630523104501E-05
2.1172E-06,8.19385984447E-03,5.641972774920E-05
2.1174E-06,8.22560071479E-03,5.553252052796E-05
2.1176E-06,8.34104373585E-03,5.993537742925E-05
2.1178E-06,8.26192229520E-03,6.528028923367E-05
2.1180E-06,8.10040721204E-03,6.549027155433E-05
2.1182E-06,8.12062762212E-03,6.279490867910E-05
2.1184E-06,8.18199176807E-03,6.374644137268E-05
2.1186E-06,8.18396733608E-03,6.694906031062E-05
2.1188E-06,8.17864715587E-03,6.899752582703E-05
2.1190E-06,8.31346331630E-03,6.882291523088E-05
2.1192E-06,8.29759777058E-03,7.171195529681E-05
2.1194E-06,8.09142367449E-03,7.985148311873E-05
2.1196E-06,8.26194068883E-03,8.329360013176E-05
2.1198E-06,8.28651666175E-03,7.772437830736E-05
2.1200E-06,7.93834614102E-03,7.777602047008E-05
2.1202E-06,7.87945395801E-03,8.294507277478E-05
2.1204E-06,8.15346465912E-03,8.212928896119E-05
2.1206E-06,8.31691363361E-03,8.170433564392E-05
2.1208E-06,8.24974385556E-03,8.279558595550E-05
2.1210E-06,8.28999934252E-03,8.447306466569E-05
2.1212E-06,8.46781350206E-03,8.742747095694E-05
2.1214E-06,8.39216077234E-03,8.986852237304E-05
2.1216E-06,8.23005336802E-03,8.962869819534E-05
2.1218E-06,8.22928549256E-03,9.252786131856E-05
2.1220E-06,8.17510067951E-03,1.007881719926E-04
2.1222E-06,8.10257044155E-03,1.018767996067E-04
2.1224E-06,8.01504567731E-03,9.810769882333E-05
2.1226E-06,8.14443758223E-03,9.787948251051E-05
2.1228E-06,8.25453364756E-03,1.033781898515E-04
2.1230E-06,8.23776285630E-03,1.000918943742E-04
2.1232E-06,8.04832229856E-03,1.001779577071E-04
2.1234E-06,8.01485638600E-03,1.037897452088E-04
2.1236E-06,8.08930631261E-03,1.037251491407E-04
2.1238E-06,8.22466333862E-03,1.017170579014E-04
2.1240E-06,8.26142520178E-03,1.032507739337E-04
2.1242E-06,8.25453178491E-03,1.073374292655E-04
2.1244E-06,8.19296088535E-03,1.037330311099E-04
2.1246E-06,8.21503066923E-03,1.024606134584E-04
2.1248E-06,8.30184413586E-03,1.095910410704E-04
2.1250E-06,8.29299773555E-03,1.086370591382E-04
2.1252E-06,8.26536120381E-03,1.045086210435E-04
2.1254E-06,8.27934501227E-03,1.058069048757E-04
2.1256E-06,8.32222333643E-03,1.107169276411E-04
2.1258E-06,8.27701996546E-03,1.140977859339E-04
2.1260E-06,8.27165927272E-03,1.173759774147E-04
2.1262E-06,8.28671014402E-03,1.165991108241E-04
2.1264E-06,8.24585581664E-03,1.170846359646E-04
2.1266E-06,8.06729776319E-03,1.156327855615E-04
2.1268E-06,8.09568889905E-03,1.184257155592E-04
2.1270E-06,8.31448381301E-03,1.176019526394E-04
2.1272E-06,8.40203488711E-03,1.200016931007E-04
2.1274E-06,8.23410834651E-03,1.155100252787E-04
2.1276E-06,8.18305021617E-03,1.156826445675E-04
2.1278E-06,8.31040042918E-03,1.174039320396E-04
2.1280E-06,8.10779679101E-03,1.177809205214E-04
2.1282E-06,8.16381258424E-03,1.188937629880E-04
2.1284E-06,8.27821764629E-03,1.189448986510E-04
2.1286E-06,8.25585868675E-03,1.164777312735E-04
2.1288E-06,8.30783137586E-03,1.189197263056E-04
2.1290E-06,8.32464384381E-03,1.227822589530E-04
2.1292E-06,8.19129917305E-03,1.250635894788E-04
2.1294E-06,8.33084156271E-03,1.275973164784E-04
2.1296E-06,8.47228338476E-03,1.293949744040E-04
2.1298E-06,8.34830665495E-03,1.297608268289E-04
2.1300E-06,8.24624278117E-03,1.274973417474E-04
2.1302E-06,8.08463340159E-03,1.265338126412E-04
2.1304E-06,8.19912856910E-03,1.320620426750E-04
2.1306E-06,8.27443344984E-03,1.287876603501E-04
2.1308E-06,8.21525255684E-03,1.234189777477E-04
2.1310E-06,8.20481429342E-03,1.253315001102E-04
2.1312E-06,8.13459257129E-03,1.255999241797E-04
2.1314E-06,8.20562035311E-03,1.229030418051E-04
2.1316E-06,8.35299446713E-03,1.249594447976E-04
2.1318E-06,8.34446285386E-03,1.298287533065E-04
2.1320E-06,8.29425339121E-03,1.306855289107E-04
2.1322E-06,8.19589245599E-03,1.275715058046E-04
2.1324E-06,8.23123079259E-03,1.241086847456E-04
2.1326E-06,8.24071957264E-03,1.224439934203E-04
2.1328E-06,8.21678528096E-03,1.276028879760E-04
2.1330E-06,8.28766335267E-03,1.307623711722E-04
2.1332E-06,8.22254504543E-03,1.301392584881E-04
2.1334E-06,8.26630649622E-03,1.258458055398E-04
2.1336E-06,8.23968720157E-03,1.214625911163E-04
2.1338E-06,8.35118025076E-03,1.221111328648E-04
2.1340E-06,8.44641077798E-03,1.210658144513E-04
2.1342E-06,8.46655575093E-03,1.281694947118E-04
2.1344E-06,8.19794951472E-03,1.307755124131E-04
2.1346E-06,8.17225688603E-03,1.268176051630E-04
2.1348E-06,8.27042899560E-03,1.288137832498E-04
2.1350E-06,8.36096612271E-03,1.296484185690E-04
2.1352E-06,8.33544322755E-03,1.317227294510E-04
2.1354E-06,8.20878312457E-03,1.374766155453E-04
2.1356E-06,8.07807293255E-03,1.299195832880E-04
2.1358E-06,8.13791203778E-03,1.239477496436E-04
2.1360E-06,8.23403244372E-03,1.231819427880E-04
2.1362E-06,8.20030133705E-03,1.232998947920E-04
2.1364E-06,8.24487490114E-03,1.268089183448E-04
2.1366E-06,8.21559574921E-03,1.282917415565E-04
2.1368E-06,8.16455321852E-03,1.246008290751E-04
2.1370E-06,8.19970948156E-03,1.295475973589E-04
2.1372E-06,8.36505346466E-03,1.327650643727E-04
2.1374E-06,8.48257147241E-03,1.245065021636E-04
2.1376E-06,8.49793247413E-03,1.194114404572E-04
2.1378E-06,8.31889478955E-03,1.261781804105E-04
2.1380E-06,8.12244556378E-03,1.328061463619E-04
2.1382E-06,8.06520484853E-03,1.295804712763E-04
2.1384E-06,8.01267220173E-03,1.242915242286E-04
2.1386E-06,7.98450039234E-03,1.263613737496E-04
2.1388E-06,8.07929156814E-03,1.243555444134E-04
2.1390E-06,8.16527056973E-03,1.279171051765E-04
2.1392E-06,8.10606709216E-03,1.291223040624E-04
2.1394E-06,8.11837940942E-03,1.273634870378E-04
2.1396E-06,8.14632304478E-03,1.247779721702E-04
2.1398E-06,8.15495128278E-03,1.247056606533E-04
2.1400E-06,8.27548281755E-03,1.270345535902E-04
2.1402E-06,8.19540933240E-03,1.268080371739E-04
2.1404E-06,8.06065184530E-03,1.271579591399E-04
2.1406E-06,8.14948418643E-03,1.268979651695E-04
2.1408E-06,8.14000471961E-03,1.210489126230E-04
2.1410E-06,8.19666475523E-03,1.192526076762E-04
2.1412E-06,8.23970885482E-03,1.217521979781E-04
2.1414E-06,8.23139144573E-03,1.222846957697E-04
2.1416E-06,8.15833244938E-03,1.241288267849E-04
2.1418E-06,8.07751413900E-03,1.278368145535E-04
2.1420E-06,8.03851686884E-03,1.217210864024E-04
2.1422E-06,8.11296772677E-03,1.247892261790E-04
2.1424E-06,8.08043010998E-03,1.279396548243E-04
2.1426E-06,8.17207551096E-03,1.229422573773E-04
2.1428E-06,8.16677046474E-03,1.221478714449E-04
2.1430E-06,8.13601004425E-03,1.216159425983E-04
2.1432E-06,8.17858848255E-03,1.180990856448E-04
2.1434E-06,8.26884341892E-03,1.191089698887E-04
2.1436E-06,8.24287255760E-03,1.222432252327E-04
2.1438E-06,8.23539915960E-03,1.159253065316E-04
2.1440E-06,8.20472092833E-03,1.102436625706E-04
2.1442E-06,8.11266271863E-03,1.129048818098E-04
2.1444E-06,8.22018996347E-03,1.157824874697E-04
2.1446E-06,8.29695189837E-03,1.175765652051E-04
2.1448E-06,8.26904411893E-03,1.191890523611E-04
2.1450E-06,8.28210987616E-03,1.216607366065E-04
2.1452E-06,8.20388553198E-03,1.203701612847E-04
2.1454E-06,8.22543843184E-03,1.129047569195E-04
2.1456E-06,8.25267519336E-03,1.171844233600E-04
2.1458E-06,8.18159129936E-03,1.190135050872E-04
2.1460E-06,8.23691116180E-03,1.119259634363E-04
2.1462E-06,8.19384308066E-03,1.054155609412E-04
2.1464E-06,8.12221738975E-03,1.088129047612E-04
2.1466E-06,8.21757480968E-03,1.117668045526E-04
2.1468E-06,8.30762718338E-03,1.148673325619E-04
2.1470E-06,8.25782633852E-03,1.131489591980E-04
2.1472E-06,8.22579489555E-03,1.091313474188E-04
2.1474E-06,8.31454853993E-03,1.055802427540E-04
2.1476E-06,8.28996488359E-03,1.060527237905E-04
2.1478E-06,8.15245906357E-03,1.063556939205E-04
2.1480E-06,8.06113264058E-03,1.050914704641E-04
2.1482E-06,8.13656697515E-03,1.051108215312E-04
2.1484E-06,8.08532979805E-03,1.060840851469E-04
2.1486E-06,8.22211267892E-03,1.079112796420E-04
2.1488E-06,8.18096661474E-03,1.030420543933E-04
2.1490E-06,8.05728069041E-03,9.821642281768E-05
2.1492E-06,8.16740050446E-03,1.017633852856E-04
2.1494E-06,8.33689655643E-03,1.038450161303E-04
2.1496E-06,8.32384523470E-03,1.006286453763E-04
2.1498E-06,8.08007876854E-03,1.021193783106E-04
2.1500E-06,8.10487313662E-03,1.051540335948E-04
2.1502E-06,8.11255002860E-03,9.803351395112E-05
2.1504E-06,8.03112496156E-03,9.461794307735E-05
2.1506E-06,8.13459140714E-03,9.863972480689E-05
2.1508E-06,8.22996838484E-03,9.996653220896E-05
2.1510E-06,8.08872353751E-03,9.520806389210E-05
2.1512E-06,8.16259068902E-03,9.530150963274E-05
2.1514E-06,8.23700219858E-03,9.526264097822E-05
2.1516E-06,8.16003770102E-03,9.564480547142E-05
2.1518E-06,8.21514568757E-03,9.476944895741E-05
2.1520E-06,8.51529744919E-03,9.576773921308E-05
2.1522E-06,8.44730740879E-03,9.450007433352E-05
2.1524E-06,8.32981524523E-03,9.392658475135E-05
2.1526E-06,8.35670904722E-03,9.182252914925E-05
2.1528E-06,8.29933305737E-03,9.288846834843E-05
2.1530E-06,8.14472768921E-03,9.044639699441E-05
2.1532E-06,8.10986455995E-03,9.043132689130E-05
2.1534E-06,8.24248815421E-03,8.457774360013E-05
2.1536E-06,8.16707593854E-03,7.890718018916E-05
2.1538E-06,8.10229686554E-03,8.103717135545E-05
2.1540E-06,8.24466488790E-03,8.363747185376E-05
2.1542E-06,8.36998854298E-03,8.166824233067E-05
2.1544E-06,8.28732458409E-03,8.082054209244E-05
2.1546E-06,8.16915604751E-03,8.202905057278E-05
2.1548E-06,8.22763053235E-03,8.501689278801E-05
2.1550E-06,8.11727695633E-03,8.558390194830E-05
2.1552E-06,8.19374482613E-03,8.002990287077E-05
2.1554E-06,8.30329373944E-03,7.220600073506E-05
2.1556E-06,8.21132866200E-03,7.547109260504E-05
2.1558E-06,8.17028713878E-03,7.763605307136E-05
2.1560E-06,8.14989094157E-03,7.829314980936E-05
2.1562E-06,8.17553514149E-03,7.362145253737E-05
2.1564E-06,8.05809233803E-03,7.026133992058E-05
2.1566E-06,8.07133178692E-03,6.966493295786E-05
2.1568E-06,8.15147838090E-03,6.742939556298E-05
2.1570E-06,8.08766951319E-03,6.645471652319E-05
2.1572E-06,8.28610618133E-03,7.225323010516E-05
2.1574E-06,8.32494023722E-03,7.186207350623E-05
2.1576E-06,8.20265921298E-03,7.013565165271E-05
2.1578E-06,8.16090173554E-03,6.668747051899E-05
2.1580E-06,8.27137335669E-03,6.334797174950E-05
2.1582E-06,8.33327324595E-03,6.244529200066E-05
2.1584E-06,8.23891513515E-03,6.287775955443E-05
2.1586E-06,8.05866905954E-03,6.111066507456E-05
2.1588E-06,8.08584924322E-03,5.693444947992E-05
2.1590E-06,8.15446163993E-03,5.977862615418E-05
2.1592E-06,8.19063746836E-03,5.653448811081E-05
2.1594E-06,8.17452675197E-03,5.740813778993E-05
2.1596E-06,8.14216096420E-03,5.776617762913E-05
2.1598E-06,7.98670413438E-03,5.234390318674E-05
2.1600E-06,8.02928653080E-03,5.284159819876E-05
2.1602E-06,8.23408855591E-03,5.902034047340E-05
2.1604E-06,8.22320209350E-03,5.577745827195E-05
2.1606E-06,8.15150771756E-03,5.023574701790E-05
2.1608E-06,8.13063584734E-03,4.670504804981E-05
2.1610E-06,8.18056544755E-03,4.738073957433E-05
2.1612E-06,8.36953266058E-03,4.943909224403E-05
2.1614E-06,8.21688819211E-03,5.176703462657E-05
2.1616E-06,7.99624693114E-03,4.806132263784E-05
2.1618E-06,8.02707091439E-03,4.762263831963E-05
2.1620E-06,8.09343160596E-03,4.840735218768E-05
2.1622E-06,7.95371389482E-03,4.564689368290E-05
2.1624E-06,8.18521414418E-03,4.868372067158E-05
2.1626E-06,8.28893041704E-03,5.065662058350E-05
2.1628E-06,8.27005926054E-03,4.159713651334E-05
2.1630E-06,8.43602746259E-03,3.996723409091E-05
2.1632E-06,8.28866801690E-03,4.521355189663E-05
2.1634E-06,8.24030676391E-03,4.141020340194E-05
2.1636E-06,8.35257979575E-03,3.994703654480E-05
2.1638E-06,8.39935477357E-03,3.717386697699E-05
2.1640E-06,8.30557524692E-03,3.484570256714E-05
2.1642E-06,8.18954549264E-03,3.700908108894E-05
2.1644E-06,8.19846407045E-03,3.702118851525E-05
2.1646E-06,8.20490253623E-03,3.648171074037E-05
2.1648E-06,8.14656006638E-03,3.359681287129E-05
2.1650E-06,8.10547989327E-03,3.363872746286E-05
2.1652E-06,8.07588222902E-03,3.240896680672E-05
2.1654E-06,8.18132610526E-03,3.176248574909E-05
2.1656E-06,8.38909159880E-03,3.232717749943E-05
2.1658E-06,8.47602753434E-03,3.260814611149E-05
2.1660E-06,8.30359525513E-03,2.995471170452E-05
2.1662E-06,8.06152635720E-03,2.939086643328E-05
2.1664E-06,8.08575587813E-03,2.533902081941E-05
2.1666E-06,8.05941178929E-03,1.872038695310E-05
2.1668E-06,8.07700610254E-03,1.923102893215E-05
2.1670E-06,8.17911025602E-03,2.220799180959E-05
2.1672E-06,8.17130111623E-03,2.099525093381E-05
2.1674E-06,8.25447776820E-03,1.970269818139E-05
2.1676E-06,8.25170126278E-03,1.970848476794E-05
2.1678E-06,8.30929494928E-03,2.317615573575E-05
2.1680E-06,8.23886530939E-03,2.824326281716E-05
2.1682E-06,8.10726291034E-03,2.088476459776E-05
2.1684E-06,8.12857762445E-03,1.712732718606E-05
2.1686E-06,8.29908555839E-03,2.045257457812E-05
2.1688E-06,8.21325440425E-03,2.419510146883E-05
2.1690E-06,8.08668952901E-03,1.955271180068E-05
2.1692E-06,8.14735215623E-03,1.326128373203E-05
2.1694E-06,8.23022426572E-03,1.340776624438E-05
2.1696E-06,8.14375934657E-03,1.584930334520E-05
2.1698E-06,8.13325495925E-03,1.378845286836E-05
2.1700E-06,8.33893638570E-03,1.561029789318E-05
2.1702E-06,8.23555375915E-03,1.889694028814E-05
2.1704E-06,8.16899865400E-03,1.722417271976E-05
2.1706E-06,8.22043187451E-03,1.308726983425E-05
2.1708E-06,8.24978250544E-03,1.546251097043E-05
2.1710E-06,8.19023560267E-03,1.460339714122E-05
2.1712E-06,8.06833944749E-03,1.052839824279E-05
2.1714E-06,8.02833495196E-03,9.875069030567E-06
2.1716E-06,8.23053509463E-03,7.216194954708E-06
2.1718E-06,8.27549771871E-03,3.854673852218E-06
2.1720E-06,8.28214154113E-03,5.610202097340E-06
2.1722E-06,8.23050063569E-03,5.807619060397E-06
2.1724E-06,8.13587802928E-03,1.332644916146E-06
2.1726E-06,8.02462689113E-03,1.629308083100E-06
2.1728E-06,8.02956965286E-03,1.204555978074E-06
2.1730E-06,8.08831794653E-03,2.661769728183E-06
2.1732E-06,8.18515058141E-03,7.972954614143E-07
2.1734E-06,8.18585722241E-03,-2.456569736763E-07
2.1736E-06,8.17910862621E-03,1.016575175344E-06
2.1738E-06,8.30863208044E-03,2.439659166156E-06
2.1740E-06,8.24946282897E-03,4.170528504072E-06
2.1742E-06,8.11890257988E-03,1.052168927162E-06
2.1744E-06,8.05935684126E-03,-2.304641033516E-06
2.1746E-06,8.11069786083E-03,-5.041224665003E-06
2.1748E-06,8.19618978072E-03,-3.023426669644E-06
2.1750E-06,8.25364726130E-03,-5.768662011182E-07
2.1752E-06,8.26726715546E-03,-5.801036783487E-06
2.1754E-06,8.32977449987E-03,-6.936387267889E-06
2.1756E-06,8.24204926845E-03,-3.969998440699E-06
2.1758E-06,8.21518992539E-03,-5.700833086850E-06
2.1760E-06,8.17460242193E-03,-4.950248978095E-06
2.1762E-06,8.08459824417E-03,1.710466416612E-07
2.1764E-06,8.21947936434E-03,-5.298935500837E-07
2.1766E-06,8.16063188482E-03,-4.367607708083E-06
2.1768E-06,7.94205746148E-03,-7.655325547785E-06
2.1770E-06,7.95671624597E-03,-6.527177073987E-06
2.1772E-06,8.12268817332E-03,-3.387384924100E-06
2.1774E-06,8.31844612490E-03,-2.281543255777E-06
2.1776E-06,8.42408627737E-03,-1.283056686352E-05
2.1778E-06,8.24731030967E-03,-1.376383087318E-05
2.1780E-06,8.26649439055E-03,-9.009234157385E-06
2.1782E-06,8.35106267128E-03,-1.036071434337E-05
2.1784E-06,8.15783232916E-03,-1.387805004324E-05
2.1786E-06,8.19117856678E-03,-1.321117716561E-05
2.1788E-06,8.20625854190E-03,-1.098871162813E-05
2.1790E-06,8.11825903598E-03,-5.676958213553E-06
2.1792E-06,7.98811927903E-03,-2.535882468329E-06
2.1794E-06,8.01730669569E-03,-2.091439316974E-06
2.1796E-06,8.13924708869E-03,-4.752235316666E-06
2.1798E-06,8.24661065359E-03,-1.100747987348E-05
2.1800E-06,8.22093339171E-03,-1.118481030408E-05
2.1802E-06,8.11055327300E-03,-7.897585087450E-06
2.1804E-06,8.06840044912E-03,-7.548037792550E-06
2.1806E-06,8.10072991531E-03,-1.047507228050E-05
2.1808E-06,8.16749503370E-03,-5.213913337321E-06
2.1810E-06,8.22794694919E-03,-6.165702749968E-06
2.1812E-06,8.23649206664E-03,-1.032737555634E-05
2.1814E-06,8.25470477808E-03,-1.147595748025E-05
2.1816E-06,8.16390455235E-03,-6.346037487493E-06
2.1818E-06,8.11453234870E-03,-6.193997354241E-06
2.1820E-06,8.24005577247E-03,-1.041627667564E-05
2.1822E-06,8.21888261940E-03,-8.472684367553E-06
2.1824E-06,8.26992724556E-03,-4.491179778235E-06
2.1826E-06,8.24852056336E-03,-4.174999023781E-06
2.1828E-06,8.26580334920E-03,-6.155496432439E-06
2.1830E-06,8.33738317247E-03,-5.766005038278E-06
2.1832E-06,8.31453713123E-03,-6.795358301134E-06
2.1834E-06,8.12854153570E-03,-5.423791582689E-06
2.1836E-06,8.22318160441E-03,-2.423987646580E-06
2.1838E-06,8.34077551495E-03,-1.460673629300E-06
2.1840E-06,8.31024257000E-03,-4.886374498711E-06
2.1842E-06,8.35693233181E-03,-2.483886449592E-06
2.1844E-06,8.27840600628E-03,-7.852318854949E-07
2.1846E-06,8.26851815451E-03,1.037417988299E-06
2.1848E-06,8.23639381211E-03,3.203204118653E-06
2.1850E-06,7.97564910259E-03,1.419686556800E-06
2.1852E-06,8.10350362677E-03,3.079854075803E-06
2.1854E-06,8.31038902048E-03,4.683224235668E-06
2.1856E-06,8.20694213267E-03,-2.159673440603E-08
2.1858E-06,8.16537930164E-03,-1.578868475736E-06
2.1860E-06,8.22038554121E-03,2.864272504120E-06
2.1862E-06,8.29288085457E-03,5.449877570389E-06
2.1864E-06,8.33455358166E-03,4.639769329696E-06
2.1866E-06,8.17826391663E-03,8.072283661930E-06
2.1868E-06,8.17430882249E-03,6.912142441614E-06
2.1870E-06,8.24775245506E-03,5.311956985860E-06
2.1872E-06,8.24864838738E-03,8.673124232335E-06
2.1874E-06,8.19190220442E-03,1.054831131641E-05
2.1876E-06,8.32123683300E-03,1.000386568066E-05
2.1878E-06,8.39548862073E-03,8.276333690627E-06
2.1880E-06,8.24228512589E-03,6.580579358159E-06
2.1882E-06,8.14295910764E-03,1.241039185134E-05
2.1884E-06,8.22115690913E-03,1.372962257174E-05
2.1886E-06,8.25139858294E-03,1.577874723171E-05
2.1888E-06,8.25766009744E-03,1.755226662663E-05
2.1890E-06,8.04386405740E-03,1.998330599908E-05
2.1892E-06,8.08843412902E-03,2.159641066846E-05
2.1894E-06,8.16215063911E-03,1.942674599868E-05
2.1896E-06,8.10867875349E-03,1.798289551680E-05
2.1898E-06,8.07006518822E-03,1.976656572242E-05
2.1900E-06,8.04770273622E-03,2.164209278580E-05
2.1902E-06,8.29487202223E-03,1.741560882237E-05
2.1904E-06,8.39541597757E-03,2.051310477127E-05
2.1906E-06,8.27678690199E-03,2.333709777613E-05
2.1908E-06,8.07212806772E-03,2.340380310361E-05
2.1910E-06,8.13430036884E-03,1.951077639405E-05
2.1912E-06,8.10323214624E-03,2.119812838082E-05
2.1914E-06,8.15860323142E-03,2.463333479409E-05
2.1916E-06,8.22304237168E-03,2.778606697266E-05
2.1918E-06,8.22311128955E-03,2.631321417448E-05
2.1920E-06,8.08891399298E-03,2.557189970557E-05
2.1922E-06,8.21270585526E-03,2.193983139750E-05
2.1924E-06,8.34830642212E-03,2.417203144450E-05
2.1926E-06,8.41469970997E-03,2.934768906143E-05
2.1928E-06,8.36973545607E-03,2.946272695717E-05
2.1930E-06,8.31282699015E-03,2.746520282981E-05
2.1932E-06,8.26691814233E-03,3.008540946339E-05
2.1934E-06,8.25632597785E-03,3.285501965602E-05
2.1936E-06,8.21444649715E-03,3.131761935820E-05
2.1938E-06,8.10671971645E-03,3.075953292009E-05
2.1940E-06,8.04299350362E-03,3.351838866529E-05
2.1942E-06,8.12206604984E-03,3.527800360043E-05
2.1944E-06,8.24150514323E-03,4.013880568837E-05
2.1946E-06,8.32462940831E-03,4.267079116125E-05
2.1948E-06,8.28282373492E-03,4.471444839892E-05
2.1950E-06,8.31934834365E-03,4.260806151014E-05
2.1952E-06,8.30447093118E-03,4.457924071048E-05
2.1954E-06,8.19850807544E-03,4.469790736493E-05
2.1956E-06,8.15870753955E-03,4.405038555433E-05
2.1958E-06,8.20616028737E-03,4.078546714318E-05
2.1960E-06,8.26260239351E-03,4.019438883570E-05
2.1962E-06,8.17465248052E-03,4.018217733410E-05
2.1964E-06,8.05399149191E-03,4.527752351296E-05
2.1966E-06,8.20611744653E-03,5.057281221543E-05
2.1968E-06,8.29325198661E-03,4.949454356265E-05
2.1970E-06,8.21010211017E-03,4.572623375152E-05
2.1972E-06,8.14124058466E-03,4.987056067493E-05
2.1974E-06,8.21968518663E-03,5.611716698204E-05
2.1976E-06,8.26006989460E-03,5.930783113745E-05
2.1978E-06,8.19393132348E-03,5.677232098114E-05
2.1980E-06,8.17488810513E-03,5.716020267737E-05
2.1982E-06,8.20095396135E-03,5.247520458233E-05
2.1984E-06,8.17086060066E-03,4.516274233629E-05
2.1986E-06,8.05364387575E-03,4.755457307492E-05
2.1988E-06,8.22372572962E-03,5.440740411450E-05
2.1990E-06,8.44142145011E-03,5.178638569359E-05
2.1992E-06,8.36339640897E-03,5.004225716275E-05
2.1994E-06,8.19132268894E-03,5.245226638672E-05
2.1996E-06,8.11063732486E-03,5.395870775264E-05
2.1998E-06,8.23880803306E-03,5.714910131228E-05
2.2000E-06,8.29007198568E-03,5.676353008766E-05
2.2002E-06,8.19306402933E-03,5.804898490478E-05
2.2004E-06,8.19947455544E-03,5.591199294013E-05
2.2006E-06,8.22508243378E-03,6.023693907355E-05
2.2008E-06,8.20378401782E-03,5.768135626149E-05
2.2010E-06,7.98295719083E-03,5.065417828318E-05
2.2012E-06,8.14521896187E-03,5.300245004055E-05
2.2014E-06,8.16743077245E-03,5.466720381100E-05
2.2016E-06,8.18887214642E-03,5.135408466030E-05
2.2018E-06,8.11654074583E-03,5.119641058427E-05
2.2020E-06,8.14362686593E-03,5.680939954054E-05
2.2022E-06,8.21600250434E-03,5.803503881489E-05
2.2024E-06,8.22602423374E-03,5.648829255533E-05
2.2026E-06,8.11952819582E-03,5.420134196338E-05
2.2028E-06,8.21728074457E-03,5.162640808430E-05
2.2030E-06,8.12619297299E-03,5.331437064615E-05
2.2032E-06,8.09230330866E-03,5.156012599637E-05
2.2034E-06,8.08630815241E-03,5.460681932327E-05
2.2036E-06,8.08399195317E-03,5.643567208481E-05
2.2038E-06,8.07592669967E-03,4.872332479153E-05
2.2040E-06,8.07905524503E-03,4.983129653428E-05
2.2042E-06,8.17284175660E-03,5.365006898810E-05
2.2044E-06,8.32847157959E-03,5.314429773298E-05
2.2046E-06,8.33152049687E-03,5.256248906535E-05
2.2048E-06,8.26921711210E-03,4.952414257732E-05
2.2050E-06,8.22763355914E-03,5.083401345928E-05
2.2052E-06,8.15622230526E-03,5.232307425049E-05
2.2054E-06,8.02289812360E-03,5.177848290932E-05
2.2056E-06,8.13431596849E-03,4.973807975930E-05
2.2058E-06,8.10030406807E-03,5.376087448840E-05
2.2060E-06,8.06826820131E-03,5.405234776717E-05
2.2062E-06,8.13704404514E-03,4.863152344060E-05
2.2064E-06,8.03961140569E-03,4.553794072290E-05
2.2066E-06,8.04688107688E-03,4.689098203835E-05
2.2068E-06,8.12170818914E-03,4.667166069430E-05
2.2070E-06,8.11034139711E-03,4.449929700513E-05
2.2072E-06,8.05241290014E-03,4.213845295180E-05
2.2074E-06,8.10570760164E-03,4.501589902957E-05
2.2076E-06,8.28353968914E-03,4.199244224746E-05
2.2078E-06,8.24468421284E-03,3.717665619497E-05
2.2080E-06,8.13578955363E-03,3.958333500941E-05
2.2082E-06,8.22238578927E-03,4.455058531184E-05
2.2084E-06,8.19857070688E-03,4.208051770274E-05
2.2086E-06,8.12108327169E-03,4.050248640869E-05
2.2088E-06,8.21531285997E-03,4.106676879619E-05
2.2090E-06,8.21640274022E-03,4.006965112221E-05
2.2092E-06,8.23711139616E-03,3.707132505533E-05
2.2094E-06,8.31687451806E-03,3.323193181586E-05
2.2096E-06,8.22623471264E-03,3.767656454165E-05
2.2098E-06,8.15872593317E-03,3.768146301900E-05
2.2100E-06,8.18695315625E-03,3.524387384114E-05
2.2102E-06,8.14307040069E-03,3.272365581524E-05
2.2104E-06,8.09349470306E-03,3.829712391180E-05
2.2106E-06,8.27729843091E-03,3.522404402775E-05
2.2108E-06,8.33123318385E-03,2.658372668829E-05
2.2110E-06,8.32105918322E-03,2.670748609398E-05
2.2112E-06,8.23089016136E-03,2.478656832409E-05
2.2114E-06,8.19810085464E-03,2.468978523557E-05
2.2116E-06,8.19898211863E-03,2.712976120692E-05
2.2118E-06,8.23294954840E-03,2.913845608291E-05
2.2120E-06,8.19637557957E-03,2.488105481771E-05
2.2122E-06,8.09237362351E-03,2.290512978379E-05
2.2124E-06,8.22304330300E-03,2.355326910783E-05
2.2126E-06,8.43280625064E-03,2.261936676969E-05
2.2128E-06,8.29030202236E-03,2.338322394808E-05
2.2130E-06,8.03527144249E-03,2.335762142484E-05
2.2132E-06,8.08263361920E-03,2.257086074260E-05
2.2134E-06,8.08124897536E-03,1.920400404651E-05
2.2136E-06,8.05931167211E-03,1.963999628369E-05
2.2138E-06,8.21608143393E-03,1.891341193859E-05
2.2140E-06,8.15111074131E-03,1.592980905716E-05
2.2142E-06,8.18914409261E-03,1.335627672542E-05
2.2144E-06,8.24973989744E-03,1.617602345814E-05
2.2146E-06,8.21731916163E-03,1.566916981992E-05
2.2148E-06,8.17169529851E-03,1.687604084891E-05
2.2150E-06,8.20865460206E-03,1.882941623498E-05
2.2152E-06,8.18906656001E-03,1.692493542377E-05
2.2154E-06,8.15839997027E-03,1.368494651560E-05
2.2156E-06,8.24078779202E-03,1.395276694839E-05
2.2158E-06,8.23863131460E-03,1.575049425755E-05
2.2160E-06,8.21650774684E-03,1.531981679891E-05
2.2162E-06,8.10287521686E-03,1.413115200867E-05
2.2164E-06,8.18946423475E-03,1.272799496819E-05
2.2166E-06,8.35966716055E-03,6.077229588298E-06
2.2168E-06,8.43935554381E-03,9.763264407410E-06
2.2170E-06,8.30430911388E-03,1.383988688049E-05
2.2172E-06,8.16124050412E-03,1.155377582927E-05
2.2174E-06,8.30751635600E-03,1.048379157018E-05
2.2176E-06,8.46850663889E-03,1.041796741356E-05
2.2178E-06,8.36250955704E-03,8.552632790997E-06
2.2180E-06,8.24703207705E-03,6.745254232554E-06
2.2182E-06,8.26568530407E-03,3.075711878953E-06
2.2184E-06,8.26281822752E-03,5.793180347427E-06
2.2186E-06,8.12600810546E-03,5.010825519456E-06
2.2188E-06,8.00926286261E-03,3.028073146014E-06
2.2190E-06,8.13092502300E-03,4.147243390797E-06
2.2192E-06,8.31839443650E-03,4.666114256724E-06
2.2194E-06,8.44211551826E-03,6.729469479067E-06
2.2196E-06,8.28643330838E-03,6.084154064773E-06
2.2198E-06,8.22467707563E-03,2.078039136721E-06
2.2200E-06,8.24899926316E-03,4.747723166837E-06
2.2202E-06,8.22785102297E-03,5.165592425509E-06
2.2204E-06,8.15961325075E-03,4.568144709810E-06
2.2206E-06,8.09582976159E-03,2.640538367450E-06
2.2208E-06,8.05241499562E-03,1.248219034640E-06
2.2210E-06,8.09286210220E-03,7.656759566634E-06
2.2212E-06,8.17683177534E-03,8.265745763673E-06
2.2214E-06,8.11932563316E-03,9.228692048235E-06
2.2216E-06,8.03442137781E-03,4.738793506293E-06
2.2218E-06,8.09626934584E-03,3.334200226707E-06
2.2220E-06,8.27143808361E-03,7.085330675363E-06
2.2222E-06,8.26058677863E-03,7.166079229681E-06
2.2224E-06,8.14571791794E-03,2.575186018839E-06
2.2226E-06,8.17204361316E-03,3.552168591886E-06
2.2228E-06,8.17157492507E-03,4.005971581681E-06
2.2230E-06,8.18158152047E-03,-3.714403386222E-06
2.2232E-06,8.21958343964E-03,6.234619608202E-07
2.2234E-06,8.15455663483E-03,5.036081125035E-06
2.2236E-06,8.13894999679E-03,2.727385734215E-06
2.2238E-06,8.24892405886E-03,9.170930674370E-07
2.2240E-06,8.30438501667E-03,3.552571016370E-06
2.2242E-06,8.37149868254E-03,7.309404791340E-06
2.2244E-06,8.13513227273E-03,1.010669901316E-05
2.2246E-06,8.00609170925E-03,4.660764786422E-06
2.2248E-06,8.19077344146E-03,1.638820565312E-06
2.2250E-06,8.19358813111E-03,1.866426303057E-06
2.2252E-06,8.18567538168E-03,-3.945256273256E-06
2.2254E-06,8.22339417878E-03,-1.619235814543E-06
2.2256E-06,8.12702347990E-03,8.394362016587E-06
2.2258E-06,8.16902612802E-03,1.475780325290E-05
2.2260E-06,8.22805591393E-03,1.397631571908E-05
2.2262E-06,8.26771442313E-03,1.025542261359E-05
2.2264E-06,8.05528696161E-03,5.592557865201E-06
2.2266E-06,7.97456271481E-03,7.851692599250E-06
2.2268E-06,8.15273217391E-03,6.242827263667E-06
2.2270E-06,8.20669766050E-03,4.011570832699E-06
2.2272E-06,8.10428570490E-03,6.103338611318E-06
2.2274E-06,8.07218697388E-03,1.112116950844E-05
2.2276E-06,8.15438503865E-03,9.124249017804E-06
2.2278E-06,8.21385673713E-03,2.583366337239E-06
2.2280E-06,8.28344469424E-03,2.266852541833E-06
2.2282E-06,8.24189769570E-03,5.809485477402E-06
2.2284E-06,8.05071044247E-03,1.036424374488E-05
2.2286E-06,7.97822793480E-03,7.944305737509E-06
2.2288E-06,7.97722559888E-03,7.879404381855E-06
2.2290E-06,8.14665436279E-03,8.538291214971E-06
2.2292E-06,8.17153348122E-03,8.204750700860E-06
2.2294E-06,8.14088668208E-03,1.663423965691E-06
2.2296E-06,8.15045206342E-03,5.413118175238E-06
2.2298E-06,8.12210353557E-03,1.155827188213E-05
2.2300E-06,8.11706112232E-03,1.275923837256E-05
2.2302E-06,8.32046336960E-03,4.658648588701E-06
2.2304E-06,8.28866289463E-03,-7.102144109015E-07
2.2306E-06,8.19641516078E-03,6.384279886331E-07
2.2308E-06,8.30291958060E-03,-1.430214258837E-06
2.2310E-06,8.27740087639E-03,-2.184364681126E-06
2.2312E-06,8.13660469372E-03,1.706143406227E-06
2.2314E-06,7.98924920615E-03,2.252205678267E-06
2.2316E-06,8.05136586074E-03,4.067355608636E-07
2.2318E-06,8.28005817253E-03,2.321103525355E-06
2.2320E-06,8.10618490446E-03,3.541337822570E-06
2.2322E-06,7.97217131127E-03,5.365125586285E-06
2.2324E-06,8.18545512389E-03,7.814572409733E-06
2.2326E-06,8.29004986677E-03,1.473306150182E-06
2.2328E-06,8.28745007981E-03,-1.962788372294E-06
2.2330E-06,8.16863054875E-03,1.758299007087E-06
2.2332E-06,8.01114599686E-03,8.706095286651E-06
2.2334E-06,8.04549061227E-03,1.335655425955E-05
2.2336E-06,8.14149995800E-03,1.258622359764E-05
2.2338E-06,8.23173673358E-03,7.968201425864E-06
2.2340E-06,8.12079758849E-03,5.845752249479E-06
2.2342E-06,7.98012760002E-03,6.590619155212E-06
2.2344E-06,8.11891422141E-03,3.760770180269E-06
2.2346E-06,8.12118827831E-03,9.002168693586E-06
2.2348E-06,8.07215437759E-03,9.709839087917E-06
2.2350E-06,8.25972320977E-03,7.166870201945E-06
2.2352E-06,8.37400300894E-03,1.136540647876E-05
2.2354E-06,8.35794281680E-03,8.697803954599E-06
2.2356E-06,8.17921130452E-03,2.448151710450E-06
2.2358E-06,8.21220270824E-03,4.851180951117E-06
2.2360E-06,8.24194007087E-03,5.649896415888E-06
2.2362E-06,8.18002015818E-03,9.501070979058E-06
2.2364E-06,8.15209491644E-03,1.073477955815E-05
2.2366E-06,8.20942969527E-03,1.217661097926E-05
2.2368E-06,8.13328126911E-03,9.554753017617E-06
2.2370E-06,8.00728799309E-03,7.618702699436E-06
2.2372E-06,7.97466585878E-03,6.572961046367E-06
2.2374E-06,8.11308926437E-03,6.306549099281E-06
2.2376E-06,8.21813593153E-03,7.615691454157E-06
2.2378E-06,8.23790069204E-03,6.658809290273E-06
2.2380E-06,8.31789059099E-03,5.386356947018E-06
2.2382E-06,8.34652200807E-03,3.253375350504E-06
2.2384E-06,8.20551534649E-03,3.380617809488E-06
2.2386E-06,8.02379009779E-03,7.858304849832E-06
2.2388E-06,8.01615441684E-03,9.799371597364E-06
2.2390E-06,8.30829261336E-03,1.021887136903E-05
2.2392E-06,8.44114508014E-03,1.088550834265E-05
2.2394E-06,8.21860624943E-03,1.241204317939E-05
2.2396E-06,8.34656298626E-03,1.026290215832E-05
2.2398E-06,8.44470552634E-03,9.732236091985E-06
2.2400E-06,8.31383049022E-03,1.275214043726E-05
2.2402E-06,7.99671422224E-03,1.813427650650E-05
2.2404E-06,7.92722358834E-03,1.685147214030E-05
2.2406E-06,8.11363432091E-03,1.110204740707E-05
2.2408E-06,8.14265549648E-03,4.705433904200E-06
2.2410E-06,8.04680377711E-03,7.219303336931E-06
2.2412E-06,8.17125548143E-03,1.273901307304E-05
2.2414E-06,8.15239130985E-03,1.480742635485E-05
2.2416E-06,8.11167714652E-03,1.614745131974E-05
2.2418E-06,8.17305642646E-03,1.697632780579E-05
2.2420E-06,8.13477580901E-03,1.656413412002E-05
2.2422E-06,8.10715138446E-03,1.461571965647E-05
2.2424E-06,8.04926526267E-03,1.185900786240E-05
2.2426E-06,8.11829256359E-03,1.821451162268E-05
2.2428E-06,8.30711379181E-03,2.392828015891E-05
2.2430E-06,8.35417864378E-03,2.446653678362E-05
2.2432E-06,8.26862059999E-03,2.655911634956E-05
2.2434E-06,8.41372042429E-03,2.246779150610E-05
2.2436E-06,8.29360123258E-03,1.530127751921E-05
2.2438E-06,8.06047559250E-03,1.430103758630E-05
2.2440E-06,8.09418132063E-03,2.004931749125E-05
2.2442E-06,8.05276773404E-03,2.006648297702E-05
2.2444E-06,8.03872571792E-03,2.241339481716E-05
2.2446E-06,8.11917871702E-03,2.577977970523E-05
2.2448E-06,8.12077220995E-03,2.507600172703E-05
2.2450E-06,8.21263693739E-03,2.455771368277E-05
2.2452E-06,8.18106323946E-03,2.519774901029E-05
2.2454E-06,8.18554616067E-03,2.961817382184E-05
2.2456E-06,8.28137622680E-03,3.312080021296E-05
2.2458E-06,8.21201248560E-03,3.028052289319E-05
2.2460E-06,8.16431782674E-03,3.063451073413E-05
2.2462E-06,8.13480398152E-03,3.397854024824E-05
2.2464E-06,8.16996047739E-03,3.335848737788E-05
2.2466E-06,8.24056031648E-03,3.195102162008E-05
2.2468E-06,8.31395249348E-03,3.306937313919E-05
2.2470E-06,8.32146361004E-03,3.325908853021E-05
2.2472E-06,8.21689028758E-03,3.579337059800E-05
2.2474E-06,8.13391130883E-03,3.617988543865E-05
2.2476E-06,8.08238309342E-03,3.470561721642E-05
2.2478E-06,8.06323789526E-03,3.627602326032E-05
2.2480E-06,8.15824932884E-03,3.778039699700E-05
2.2482E-06,8.25252525043E-03,3.855696523842E-05
2.2484E-06,8.18320528138E-03,4.293886137475E-05
2.2486E-06,8.13296252396E-03,3.984885884729E-05
2.2488E-06,8.17135559861E-03,3.709372899775E-05
2.2490E-06,8.13359512482E-03,4.106250170898E-05
2.2492E-06,8.03414919879E-03,4.244900670183E-05
2.2494E-06,8.08228902984E-03,4.266462296527E-05
2.2496E-06,8.19759654347E-03,3.918845251483E-05
2.2498E-06,8.35489715915E-03,4.103474135791E-05
2.2500E-06,8.37721909862E-03,4.330086301361E-05
2.2502E-06,8.20077165496E-03,4.481574835536E-05
2.2504E-06,8.02931586746E-03,4.298022089806E-05
2.2506E-06,8.08759570587E-03,4.454082998727E-05
2.2508E-06,7.99521944951E-03,4.471028538701E-05
2.2510E-06,8.04538211319E-03,4.566124219727E-05
2.2512E-06,8.10102328192E-03,4.490279693437E-05
2.2514E-06,8.16071896348E-03,4.961135767680E-05
2.2516E-06,8.24367628898E-03,5.092752164510E-05
2.2518E-06,8.22967501823E-03,4.874162816723E-05
2.2520E-06,8.16003607120E-03,4.839779113699E-05
2.2522E-06,8.13177322503E-03,4.953235758749E-05
2.2524E-06,8.19453877862E-03,5.188633267116E-05
2.2526E-06,8.25377345551E-03,5.789704884683E-05
2.2528E-06,8.30617525149E-03,5.551726308931E-05
2.2530E-06,8.24478013907E-03,5.157695150283E-05
2.2532E-06,8.32933538128E-03,5.231243775506E-05
2.2534E-06,8.19348801393E-03,5.450284116250E-05
2.2536E-06,8.04638398345E-03,5.230327912886E-05
2.2538E-06,8.17202684935E-03,4.994747231995E-05
2.2540E-06,8.21432542521E-03,5.237317609881E-05
2.2542E-06,8.25405261945E-03,5.572745356057E-05
2.2544E-06,8.26347038615E-03,5.908036416677E-05
2.2546E-06,8.16630270798E-03,6.043494579662E-05
2.2548E-06,8.15322298091E-03,6.474881831837E-05
2.2550E-06,8.23767880443E-03,6.429873428588E-05
2.2552E-06,8.25819258112E-03,6.340891824384E-05
2.2554E-06,8.20178982336E-03,6.253503959906E-05
2.2556E-06,8.14898569602E-03,6.212585715857E-05
2.2558E-06,8.16464378964E-03,6.464622782823E-05
2.2560E-06,8.23693374637E-03,6.795347019379E-05
2.2562E-06,8.33237847779E-03,7.140426708665E-05
2.2564E-06,8.15095497761E-03,6.749001595472E-05
2.2566E-06,8.11547158752E-03,5.888703389373E-05
2.2568E-06,8.05924089160E-03,6.158927961533E-05
2.2570E-06,8.13189615961E-03,6.507613512967E-05
2.2572E-06,8.27558223624E-03,6.173082202022E-05
2.2574E-06,8.33979855757E-03,6.193248525542E-05
2.2576E-06,8.25903938617E-03,6.508261555154E-05
2.2578E-06,8.17169576418E-03,6.698647884932E-05
2.2580E-06,8.06611195672E-03,7.192511538324E-05
2.2582E-06,8.07763800491E-03,7.181588488911E-05
2.2584E-06,8.31264002714E-03,6.842880289350E-05
2.2586E-06,8.23426085058E-03,6.895176738781E-05
2.2588E-06,8.05160823744E-03,7.166978398618E-05
2.2590E-06,8.05489277933E-03,6.985720860121E-05
2.2592E-06,7.99098775256E-03,7.040590050910E-05
2.2594E-06,8.02888629492E-03,7.029911231530E-05
2.2596E-06,8.15918880049E-03,7.003381744307E-05
2.2598E-06,8.09725584928E-03,7.252242433187E-05
2.2600E-06,8.12169934157E-03,7.094808424172E-05
2.2602E-06,8.17340380978E-03,7.090780016315E-05
2.2604E-06,8.28034897800E-03,7.160486875382E-05
2.2606E-06,8.16919376608E-03,7.604184153770E-05
2.2608E-06,8.09124020394E-03,7.753515553941E-05
2.2610E-06,8.21884303819E-03,7.498531768379E-05
2.2612E-06,8.16154178698E-03,7.311509846058E-05
2.2614E-06,8.08411395643E-03,7.591029036139E-05
2.2616E-06,8.07551109698E-03,7.752830044646E-05
2.2618E-06,8.23147386778E-03,7.601270045434E-05
2.2620E-06,8.28066818882E-03,7.818368341122E-05
2.2622E-06,8.22726405691E-03,7.803219140787E-05
2.2624E-06,8.19004421588E-03,7.230720355455E-05
2.2626E-06,8.23890395928E-03,7.188515046891E-05
2.2628E-06,8.17862946074E-03,7.652857395169E-05
2.2630E-06,8.05893867742E-03,7.913944850024E-05
2.2632E-06,8.21527001914E-03,7.520181511809E-05
2.2634E-06,8.26989162248E-03,7.687107881811E-05
2.2636E-06,8.10664567631E-03,7.855644643587E-05
2.2638E-06,8.10822263826E-03,7.917271790375E-05
2.2640E-06,8.18918996025E-03,7.690272464697E-05
2.2642E-06,8.09672220144E-03,7.490011470672E-05
2.2644E-06,8.17584201228E-03,7.976579445694E-05
2.2646E-06,8.28443981241E-03,7.779878520687E-05
2.2648E-06,8.27387675177E-03,8.002694019396E-05
2.2650E-06,8.18410633597E-03,8.333813742083E-05
2.2652E-06,8.03898462560E-03,8.516246637610E-05
2.2654E-06,8.15648074727E-03,8.379846940097E-05
2.2656E-06,8.11981271487E-03,8.480158181210E-05
2.2658E-06,8.11189717147E-03,8.440624832456E-05
2.2660E-06,8.15258944873E-03,8.484337845166E-05
2.2662E-06,8.18989194464E-03,7.975741986465E-05
2.2664E-06,8.24612636585E-03,7.994592798223E-05
2.2666E-06,8.17182545084E-03,7.811998239067E-05
2.2668E-06,8.05968978908E-03,7.665636454058E-05
2.2670E-06,8.00619415473E-03,8.228250167613E-05
2.2672E-06,8.15641345922E-03,8.523366775644E-05
2.2674E-06,8.27805163804E-03,8.461967206840E-05
2.2676E-06,8.24870845768E-03,8.582537745406E-05
2.2678E-06,8.21370819118E-03,8.360458405969E-05
2.2680E-06,8.29134277534E-03,8.882236441877E-05
2.2682E-06,8.32424547057E-03,8.942160916795E-05
2.2684E-06,8.13928504009E-03,8.945222118218E-05
2.2686E-06,8.20979244541E-03,8.692672306952E-05
2.2688E-06,8.40107585769E-03,9.657718137187E-05
2.2690E-06,8.28258019406E-03,9.711665220839E-05
2.2692E-06,8.15095008816E-03,8.951749720891E-05
2.2694E-06,8.31418555695E-03,8.153487330583E-05
2.2696E-06,8.29357492272E-03,8.554930731934E-05
2.2698E-06,8.01361446734E-03,8.975308899116E-05
2.2700E-06,8.14001147170E-03,9.041760976706E-05
2.2702E-06,8.42341316398E-03,8.669126311597E-05
2.2704E-06,8.33136007655E-03,8.293204254751E-05
2.2706E-06,8.26284965966E-03,8.449289447908E-05
2.2708E-06,8.24247744400E-03,8.654509976786E-05
2.2710E-06,8.21407513227E-03,8.942489794735E-05
2.2712E-06,8.11191323679E-03,8.880238889997E-05
2.2714E-06,8.16103235353E-03,8.937019597088E-05
2.2716E-06,8.18074239883E-03,8.693735262659E-05
2.2718E-06,8.18842208478E-03,8.672746050452E-05
2.2720E-06,8.19577790331E-03,9.064585383330E-05
2.2722E-06,8.23035558220E-03,9.128522307892E-05
2.2724E-06,8.20483804215E-03,9.018178208080E-05
2.2726E-06,8.19259953219E-03,8.882668007445E-05
2.2728E-06,8.19457626436E-03,9.100657187682E-05
2.2730E-06,8.17585202400E-03,9.333893399034E-05
2.2732E-06,8.31488218624E-03,9.520326949005E-05
2.2734E-06,8.40708870906E-03,9.519470756222E-05
2.2736E-06,8.36415869649E-03,9.304016156402E-05
2.2738E-06,8.31831085030E-03,9.143940022495E-05
2.2740E-06,8.29819684382E-03,9.288850304019E-05
2.2742E-06,8.15409865696E-03,9.210569028091E-05
2.2744E-06,8.10870087240E-03,9.695707702358E-05
2.2746E-06,8.13641097862E-03,9.989934813511E-05
2.2748E-06,8.04466522764E-03,9.822866901104E-05
2.2750E-06,8.06086535100E-03,9.354454514851E-05
2.2752E-06,8.17619102541E-03,9.470340971184E-05
2.2754E-06,8.21605745237E-03,9.947030118947E-05
2.2756E-06,8.24222156312E-03,9.883239593637E-05
2.2758E-06,8.21465162095E-03,9.264774912317E-05
2.2760E-06,8.11537286732E-03,8.974322959129E-05
2.2762E-06,8.08558172081E-03,9.090237168875E-05
2.2764E-06,8.04880658630E-03,9.147711711284E-05
2.2766E-06,8.08140683453E-03,9.292055129354E-05
2.2768E-06,8.12554733362E-03,9.494361549896E-05
2.2770E-06,8.14867859241E-03,9.733187992406E-05
2.2772E-06,8.21295847651E-03,9.572782286723E-05
2.2774E-06,8.24193913955E-03,9.782801380661E-05
2.2776E-06,8.23563501704E-03,1.051400666898E-04
2.2778E-06,8.17870908882E-03,1.063201626139E-04
2.2780E-06,8.16873625386E-03,9.831217902993E-05
2.2782E-06,8.07924523484E-03,9.341866954510E-05
2.2784E-06,7.98707945738E-03,9.570769470465E-05
2.2786E-06,8.04496977013E-03,9.842795932946E-05
2.2788E-06,8.17867346574E-03,1.012445005430E-04
2.2790E-06,8.16011453513E-03,9.796231950913E-05
2.2792E-06,8.21940253023E-03,9.439919761662E-05
2.2794E-06,8.18260457832E-03,9.090980266501E-05
2.2796E-06,8.25311570894E-03,9.567272540462E-05
2.2798E-06,8.14798010047E-03,9.780390302931E-05
2.2800E-06,8.13985500950E-03,9.712338934933E-05
2.2802E-06,8.13782169949E-03,9.814803147037E-05
2.2804E-06,8.20963714737E-03,1.007607863126E-04
2.2806E-06,8.24782207142E-03,1.019539887859E-04
2.2808E-06,8.29247968737E-03,1.010545908781E-04
2.2810E-06,8.26103125233E-03,9.743672537897E-05
2.2812E-06,8.13468197826E-03,1.019073769292E-04
2.2814E-06,8.07223400567E-03,1.021692511933E-04
2.2816E-06,8.19347357843E-03,1.030353935743E-04
2.2818E-06,8.38245732244E-03,1.045599926105E-04
2.2820E-06,8.34027772304E-03,1.088542087777E-04
2.2822E-06,8.21537362877E-03,9.916552014929E-05
2.2824E-06,8.19965616334E-03,9.303475658689E-05
2.2826E-06,8.20638729725E-03,9.218363574055E-05
2.2828E-06,8.19124608766E-03,1.009690409834E-04
2.2830E-06,8.23209412862E-03,1.060378826531E-04
2.2832E-06,8.31944776233E-03,1.039755404303E-04
2.2834E-06,8.17449648399E-03,1.022598799625E-04
2.2836E-06,8.07495975401E-03,1.054434600594E-04
2.2838E-06,8.16063514445E-03,1.060138481977E-04
2.2840E-06,8.33307114895E-03,9.814937751089E-05
2.2842E-06,8.23342801537E-03,9.613296718617E-05
2.2844E-06,8.23034254368E-03,1.018767371615E-04
2.2846E-06,8.37019855622E-03,1.107681535026E-04
2.2848E-06,8.25513365213E-03,1.052398887770E-04
2.2850E-06,8.11204129364E-03,9.877464108449E-05
2.2852E-06,8.17615284119E-03,9.698102821876E-05
2.2854E-06,8.14521640073E-03,9.837868314517E-05
2.2856E-06,8.13783101272E-03,1.025014456669E-04
2.2858E-06,7.98437419813E-03,1.063695845036E-04
2.2860E-06,8.13151129056E-03,1.079380963771E-04
2.2862E-06,8.25336902868E-03,1.074324014438E-04
2.2864E-06,8.12805026304E-03,1.032463750178E-04
2.2866E-06,8.21731194388E-03,1.004232701222E-04
2.2868E-06,8.29271507915E-03,1.023183772182E-04
2.2870E-06,8.41284987051E-03,1.055990665061E-04
2.2872E-06,8.26436073054E-03,1.104446458472E-04
2.2874E-06,8.16896070260E-03,1.075110893073E-04
2.2876E-06,8.20485992823E-03,1.071005053194E-04
2.2878E-06,8.26985204127E-03,1.055898870649E-04
2.2880E-06,8.16393901128E-03,1.051128614070E-04
2.2882E-06,8.17606017459E-03,1.066729709348E-04
2.2884E-06,8.26656447258E-03,1.101953508174E-04
2.2886E-06,8.30034074839E-03,1.095077600172E-04
2.2888E-06,8.25929317158E-03,1.070392812910E-04
2.2890E-06,8.31438928377E-03,1.028829232631E-04
2.2892E-06,8.28568499070E-03,1.061804519342E-04
2.2894E-06,8.21057731751E-03,1.033302943995E-04
2.2896E-06,8.13875046093E-03,1.048304079874E-04
2.2898E-06,8.20892072748E-03,1.055432613315E-04
2.2900E-06,8.25364237185E-03,1.018621596815E-04
2.2902E-06,8.20087992120E-03,1.011582637513E-04
2.2904E-06,8.04992743302E-03,1.047259996487E-04
2.2906E-06,8.03407306317E-03,1.064701004261E-04
2.2908E-06,8.09150237124E-03,1.013751427950E-04
2.2910E-06,8.22111593094E-03,1.012222631211E-04
2.2912E-06,8.37905589957E-03,1.013484093202E-04
2.2914E-06,8.26627413276E-03,1.010645265998E-04
2.2916E-06,8.21864350233E-03,1.026508977944E-04
2.2918E-06,8.27559015248E-03,1.021522591664E-04
2.2920E-06,8.31921004224E-03,1.001054866081E-04
2.2922E-06,8.11354258563E-03,1.069448503042E-04
2.2924E-06,8.14292395022E-03,1.054126815246E-04
2.2926E-06,8.33235379774E-03,9.968047084567E-05
2.2928E-06,8.20597425569E-03,1.022349990280E-04
2.2930E-06,8.07220210787E-03,1.040252467925E-04
2.2932E-06,8.01522844937E-03,1.044790497823E-04
2.2934E-06,8.12140411232E-03,1.027276359806E-04
2.2936E-06,8.26499356422E-03,1.042031739215E-04
2.2938E-06,7.99951587338E-03,1.016735197352E-04
2.2940E-06,7.85696647596E-03,9.976275971439E-05
2.2942E-06,8.00926379394E-03,9.619600906317E-05
2.2944E-06,8.37992016692E-03,9.852162709740E-05
2.2946E-06,8.44606711995E-03,9.825731747132E-05
2.2948E-06,8.31646799575E-03,9.899482972269E-05
2.2950E-06,8.27129559126E-03,1.019277340574E-04
2.2952E-06,8.13217043411E-03,1.024984621750E-04
2.2954E-06,8.07127451058E-03,1.005475915344E-04
2.2956E-06,8.27736292500E-03,9.213037694153E-05
2.2958E-06,8.32586317789E-03,9.011887203251E-05
2.2960E-06,8.23622873519E-03,9.054590685573E-05
2.2962E-06,8.13796093222E-03,8.950459881034E-05
2.2964E-06,8.12562882434E-03,9.171691353713E-05
2.2966E-06,8.11623364221E-03,8.950058150385E-05
2.2968E-06,8.24164600577E-03,9.095309105051E-05
2.2970E-06,8.26638868544E-03,9.200897657593E-05
2.2972E-06,8.19647616241E-03,8.804571291712E-05
2.2974E-06,8.16468965728E-03,8.520586577524E-05
2.2976E-06,8.24259642046E-03,8.849325751235E-05
2.2978E-06,8.13052595127E-03,9.544705546741E-05
2.2980E-06,8.13394041266E-03,9.223434816395E-05
2.2982E-06,8.29527784604E-03,8.538958642912E-05
2.2984E-06,8.47427268978E-03,8.231247536187E-05
2.2986E-06,8.33137311507E-03,8.519827521686E-05
2.2988E-06,8.11361918691E-03,8.298125628662E-05
2.2990E-06,8.18275498692E-03,7.943975430262E-05
2.2992E-06,8.20013812277E-03,7.994833559078E-05
2.2994E-06,8.15028023440E-03,7.980934649986E-05
2.2996E-06,8.17968907300E-03,8.080733146799E-05
2.2998E-06,8.18228769582E-03,8.179657411110E-05
2.3000E-06,8.11649231706E-03,8.304454794434E-05
2.3002E-06,8.13981123734E-03,8.384202838224E-05
2.3004E-06,8.30887562130E-03,8.002444932517E-05
2.3006E-06,8.29874306451E-03,7.233186246176E-05
2.3008E-06,8.05929840077E-03,7.110084596370E-05
2.3010E-06,8.01286894362E-03,7.019583492820E-05
2.3012E-06,8.15303601790E-03,7.182295507100E-05
2.3014E-06,8.25319114607E-03,7.322956047301E-05
2.3016E-06,8.21322995704E-03,7.841344697681E-05
2.3018E-06,8.10448593926E-03,7.551624046919E-05
2.3020E-06,8.11850141268E-03,7.087479441707E-05
2.3022E-06,8.22051499504E-03,6.554271856603E-05
2.3024E-06,8.19382212590E-03,6.253495633882E-05
2.3026E-06,8.16340955440E-03,6.788417686057E-05
2.3028E-06,8.07844825555E-03,6.997634012532E-05
2.3030E-06,8.15521531273E-03,6.367121574749E-05
2.3032E-06,8.27723556664E-03,6.168287799974E-05
2.3034E-06,8.23209994938E-03,6.102555229609E-05
2.3036E-06,8.15954270307E-03,6.478413453606E-05
2.3038E-06,8.27304857317E-03,6.245957806987E-05
2.3040E-06,8.23181286920E-03,5.621676704195E-05
2.3042E-06,8.16233271267E-03,6.016056862009E-05
2.3044E-06,8.18806026596E-03,5.753927960341E-05
2.3046E-06,8.23678543325E-03,5.111146432628E-05
2.3048E-06,8.06831663009E-03,4.747771693674E-05
2.3050E-06,8.00055290107E-03,4.597330850829E-05
2.3052E-06,7.98010105733E-03,4.768380684127E-05
2.3054E-06,8.08082103263E-03,5.258674554807E-05
2.3056E-06,8.11574306805E-03,5.222843511310E-05
2.3058E-06,8.16705102567E-03,4.470696885419E-05
2.3060E-06,8.18779344205E-03,4.450131606591E-05
2.3062E-06,8.25473737437E-03,4.614966756944E-05
2.3064E-06,8.18160340655E-03,4.024388010894E-05
2.3066E-06,8.32753373776E-03,3.719115735312E-05
2.3068E-06,8.28396739904E-03,3.844215630834E-05
2.3070E-06,8.14921037760E-03,3.925605288987E-05
2.3072E-06,8.23818381410E-03,3.895102900733E-05
2.3074E-06,8.09436432551E-03,3.839648112935E-05
2.3076E-06,7.89655234199E-03,4.059663986136E-05
2.3078E-06,8.16251711454E-03,3.729129166622E-05
2.3080E-06,8.35694862995E-03,3.408007610869E-05
2.3082E-06,8.42458826024E-03,3.886899685767E-05
2.3084E-06,8.30262598116E-03,3.731189857517E-05
2.3086E-06,8.11125176493E-03,3.270966115688E-05
2.3088E-06,7.95113180298E-03,2.886041545589E-05
2.3090E-06,7.96003315132E-03,2.843011960667E-05
2.3092E-06,7.90812192950E-03,2.449469262083E-05
2.3094E-06,8.08254817035E-03,1.998532505986E-05
2.3096E-06,8.20452698041E-03,1.800511906203E-05
2.3098E-06,8.25965801719E-03,2.038560559322E-05
2.3100E-06,8.24591309298E-03,1.894070742000E-05
2.3102E-06,8.20865669753E-03,1.699454792124E-05
2.3104E-06,8.22748012375E-03,2.210112035555E-05
2.3106E-06,8.18336896133E-03,2.076376665664E-05
2.3108E-06,8.17010855768E-03,1.735335097928E-05
2.3110E-06,8.22739397641E-03,2.099638188538E-05
2.3112E-06,8.21556105744E-03,2.026010466088E-05
2.3114E-06,8.04132899735E-03,1.476162628551E-05
2.3116E-06,7.98018999863E-03,7.606969944207E-06
2.3118E-06,8.17385363858E-03,6.069423940970E-06
2.3120E-06,8.18090863991E-03,7.032182889997E-06
2.3122E-06,8.18203484174E-03,6.780161087407E-06
2.3124E-06,8.19411106873E-03,7.156913665129E-06
2.3126E-06,8.20487529505E-03,5.797863735824E-06
2.3128E-06,8.13132828567E-03,3.253673699691E-06
2.3130E-06,8.18739413749E-03,7.165642113432E-06
2.3132E-06,8.21433543693E-03,7.138124604716E-06
2.3134E-06,8.28927244525E-03,1.487744863152E-06
2.3136E-06,8.24482717086E-03,-4.211931877763E-06
2.3138E-06,8.14360265154E-03,-8.517429390866E-07
2.3140E-06,8.11039867345E-03,9.499877998663E-07
2.3142E-06,8.13124563079E-03,-1.905262486071E-06
2.3144E-06,8.21592753287E-03,-9.917846198188E-06
2.3146E-06,8.32741941791E-03,-1.460202556755E-05
2.3148E-06,8.31454341765E-03,-1.416005940828E-05
2.3150E-06,8.14796682913E-03,-1.391526043135E-05
2.3152E-06,8.20238167886E-03,-8.274969055311E-06
2.3154E-06,8.31810712349E-03,-7.141824967222E-06
2.3156E-06,8.18675501738E-03,-7.763910775067E-06
2.3158E-06,8.18667399231E-03,-1.172198454569E-05
2.3160E-06,8.27963418793E-03,-1.423121915850E-05
2.3162E-06,8.24507746380E-03,-9.282646902831E-06
2.3164E-06,8.19280651864E-03,-1.303993167076E-05
2.3166E-06,8.24795897584E-03,-1.897250811289E-05
2.3168E-06,8.24160921853E-03,-1.474845257308E-05
2.3170E-06,8.14640546683E-03,-1.262962521705E-05
2.3172E-06,8.15138268750E-03,-1.810703875217E-05
2.3174E-06,8.24635966215E-03,-2.240052639227E-05
2.3176E-06,8.28405959997E-03,-2.714285609964E-05
2.3178E-06,8.14761898015E-03,-2.346190015505E-05
2.3180E-06,8.14067992847E-03,-2.213142930250E-05
2.3182E-06,8.20002613123E-03,-2.747403063531E-05
2.3184E-06,8.10997771565E-03,-2.904336123447E-05
2.3186E-06,8.14367855433E-03,-2.445679061766E-05
2.3188E-06,8.19750131573E-03,-2.612962063122E-05
2.3190E-06,8.23910233099E-03,-3.317624681349E-05
2.3192E-06,8.16213713493E-03,-3.573905245121E-05
2.3194E-06,8.18964607548E-03,-3.303480848390E-05
2.3196E-06,8.23702850845E-03,-3.055382684524E-05
2.3198E-06,8.27368420083E-03,-3.221334215905E-05
2.3200E-06,8.22352270130E-03,-3.303792380448E-05
2.3202E-06,8.00124254543E-03,-3.350772663671E-05
2.3204E-06,7.87172933575E-03,-2.946007872652E-05
2.3206E-06,8.00328609999E-03,-3.126461256015E-05
2.3208E-06,8.20111158769E-03,-3.125547474902E-05
2.3210E-06,8.17647694144E-03,-3.538337165210E-05
2.3212E-06,8.09330797288E-03,-4.213963469210E-05
2.3214E-06,8.11917755287E-03,-4.103668631706E-05
2.3216E-06,8.21045647841E-03,-4.475098798703E-05
2.3218E-06,8.18094659131E-03,-4.897976160701E-05
2.3220E-06,8.11873610597E-03,-4.358124408591E-05
2.3222E-06,8.10399024282E-03,-3.554565973300E-05
2.3224E-06,8.06725794915E-03,-4.072047780919E-05
2.3226E-06,8.11253000516E-03,-4.885253302473E-05
2.3228E-06,8.22435833048E-03,-4.800894722994E-05
2.3230E-06,8.23455887381E-03,-4.592367374990E-05
2.3232E-06,8.11239962000E-03,-4.844795071240E-05
2.3234E-06,8.08232488576E-03,-4.932978764828E-05
2.3236E-06,8.18546932656E-03,-5.248100032750E-05
2.3238E-06,8.10547337402E-03,-5.559896441828E-05
2.3240E-06,8.07684381958E-03,-5.229838287178E-05
2.3242E-06,8.12630915549E-03,-5.031254986952E-05
2.3244E-06,8.13848270569E-03,-5.191055668238E-05
2.3246E-06,8.24650122318E-03,-5.446786714438E-05
2.3248E-06,8.29955727328E-03,-5.603245190996E-05
2.3250E-06,8.14956148621E-03,-5.716680327150E-05
2.3252E-06,8.21858599316E-03,-5.657590536121E-05
2.3254E-06,8.29925273079E-03,-6.118144543561E-05
2.3256E-06,8.20824551862E-03,-6.436280525941E-05
2.3258E-06,8.07989343535E-03,-6.374954503681E-05
